31021750
32077472
27506422
31075553
31328244
30301571
31399264
31635894
31690134
19618397
27012291
28634066
30474725
21415889
21683573
18453282
17109491
23195849
26070432
21233851
22541337
23809665
3278155
25877394
11036692
17152691
17522818
15193336
24563311
17109489
15727554
16253362
19497630
23266100
22321942
22360465
24605666
22154469
16897819
17234288
11541201
7764647
22179626
30372630
25259508
27059762
23504077
30372626
21907273
27837352
24402458
28778607
18192166
25504806
15322621
15936897
22617902
22235483
15193334
11250030
26293135
19324441
22265377
25809882
9362558
8354072
1444255
1374760
24448214
12353915
10974127
19655136
21967339
28534167
20727604
12070359
24858315
7744575
18847566
1368461
26140440
21632131
23011949
25072605
16650493
15922081
25966787
19111927
19902461
15917579
25384132
27091885
17124716
16459071
21415895
19946878
20094714
16228204
2070423
21141106
21144729
8221898
18584904
9890140
15193337
16344853
11838956
12451450
21263222
9734992
10335382
16096764
3079459
12747544
8398576
12619386
15196494
2481552
9890142
16218849
30484616
8704761
16153077
20873163
11030563
11036695
9011498
17703566
33530360
31679826
32511894
20092091
32681887
19768620
15939352
27021958
22642818
28602523
17433844
28905496
7763514
28404862
28423945
30236905
28592173
22884769
10753759
15193335
16136314
29061328
29753977
26825821
11090343
30223142
19075867
16937414
30945445
29283217
31668045
31668042
28411152
32291487
28827157
25804896
23849674
26228573
31121383
19590826
26472212
25674930
28921339
15791941
32777519
2670248
30534889
31382780
29125940
28805317
30236890
16306983
29414058
12747543
26763129
23913151
28074225
31079168
27312702
16569602
25555685
28273648
28660387
28801256
26853477
28666545
17646982
29316497
31204016
11838945
24642389
26758300
28458016
27373876
29054312
28838636
30415346
26927233
20919818
32019162
25465783
29623387
16324646
23224587
25245677
15999852
31359261
22531164
24777971
30051265
28523291
26004795
32170148
27654657
17269152
19553101
12323356
28487196
20171088
20676629
29880747
30121384
8987638
19502048
26708960
26672666
17364214
27090404
18075130
31137977
18349548
17379512
9079733
28265699
17197149
27374790
22562163
25457389
16817029
18191260
29799175
28835292
21963626
17408085
15048782
15791939
17477303
25836031
19212713
29306677
28552817
25853461
26391194
20596953
31784793
21360836
25476917
24794631
18632303
15791935
21489782
17183505
22644146
22704028
25786712
21171121
8987465
12934932
29606499
21924345
23127833
29968035
24484876
23546422
20109652
19455744
22906523
30607488
27565783
20811099
27233838
29597183
23220474
16243263
27116970
24350432
21175404
16701993
23541502
16761165
23329131
12930092
30080940
23495116
20401680
11548996
24841120
25185501
24838815
15081055
10592526
25563981
29986249
20480150
20667722
17567037
28929199
25192971
18500721
22940403
22454120
20535467
16897820
18068327
25499148
24496987
12849790
27491299
16580517
20563563
20670663
27723249
23611566
26338367
15811804
7765946
16937245
15903234
11404105
15046523
21691784
24261981
19016510
23563183
22536020
27570139
24037834
21737260
22985827
21497650
16941443
18972268
26724182
19931371
23721991
11090345
15735954
23161827
18980742
20630488
16294828
24573443
26392135
29356369
19777483
17288245
18577442
10592525
25616528
21063700
23834596
18040159
20667714
23321911
19520566
12930091
26590582
11936582
25578718
20578971
29356627
15727551
31196821
17160623
16790912
22960620
22641473
20953599
19488748
22519763
16299538
11916251
12448755
18974748
17052111
17428632
12323359
23389341
12058831
14581991
21624834
12570160
21546108
1741626
30268020
16730828
16892223
16041505
29511367
12764674
2573087
19042063
1962192
17644696
21701986
9889139
23994422
22123438
7764414
15331228
15372215
16138105
7764000
9588005
11827829
17992024
17359225
11901809
1368459
17235486
16919407
17582826
15976851
16892318
10339526
16334604
17412167
25710123
15112060
16023191
19626948
10885063
10339527
18075138
20398747
14665402
16790920
22366515
19929320
16110890
1416616
27085989
14595899
9508396
16254804
10047513
20033403
22782293
15871419
1367176
12210523
18574568
12360239
2086035
26682454
10557157
33649923
18072537
18947147
21171118
12461522
18462384
1367947
7763646
17312249
20811104
26768153
15658183
17703556
33572610
12364887
10899817
9920265
11906006
1367067
1431588
17613703
17196783
17494498
10422588
17430178
20954391
9249757
17766201
15382747
10937482
11838946
8936432
10660940
10937484
1366959
8997177
14562472
12523389
26308012
26861307
29622395
26325225
12570156
17703567
15978317
30241924
26277908
17494495
15871416
11433314
16538648
28647548
16927262
10568347
27847989
21501680
16897828
15380654
16574262
11102659
12071298
17068752
31236614
16098701
15542154
29071399
17703487
16293012
15848038
25453439
22306161
31602549
19011976
18469828
15982460
11214383
9866863
25744715
21838541
23100622
23630994
22939815
23755997
16790910
19768619
10047501
27152673
29248685
16293067
19846228
19063932
10464788
22206982
24420265
19833503
28202656
17684710
16790917
32564882
29374434
20725093
29209791
23650260
24817086
31937141
26048550
26807667
22326911
33593568
12509762
30639927
16959350
22157289
27034155
19212711
27277393
15217109
18351227
18568850
18606371
27550218
26260065
11827825
28698129
17946845
15380653
20974530
16082554
11838950
17411697
1368286
28185098
17333516
11787493
28690155
28549804
16243408
29064337
25269209
7765593
15300417
22290474
24291814
7544589
12595146
1512702
26810078
23797042
30890272
19051104
17156965
2701848
2485317
11090344
12323357
30095410
9487716
17312256
23260271
24976377
9866862
27844141
15791934
28890405
22985799
17622764
11515375
19020981
9487717
19081993
33271237
7764798
27624685
17460793
15791931
34051533
1367823
32283954
18663947
31424308
16549392
14585619
9830156
19194973
10407406
18666488
2698821
2573082
24337249
17312260
21924623
29796878
18037724
22610288
25532302
10481171
16604360
21218620
27988019
18299808
22639362
30638682
7667964
25149521
23313813
18491591
10073049
22005740
18217398
8519050
16359270
14499124
19647883
25839067
22430854
21813087
31668041
26691517
20666673
31559743
21261830
23178074
15939353
29408199
27427264
21867479
20214418
15081045
26211654
19763460
29029027
10404880
9037455
20549926
15932239
19938469
22120790
9351287
11783840
24350426
24780860
27321680
28668584
15713776
33672772
16441176
25447782
8328406
11287239
25874383
15694124
25942644
21948319
30301572
1504603
25154648
11192024
17593364
30926141
15358002
10856927
15271632
20954385
10499254
15922934
28691387
12448881
16261806
16790900
24630476
22586907
31940923
14650933
11730137
11102660
1366881
16293014
30737008
24881769
14653882
20835863
31387272
7764196
23657993
11496621
28890138
15674028
27472026
25334065
16755288
14520400
1368288
12831897
11178619
17915834
30849433
19558139
1367824
20954390
28078979
26743657
15585067
34038088
26352597
15806921
20099998
21050090
17613702
24794630
19409633
12413819
31277889
29246035
26212678
22864668
17823453
2102019
12581712
30664944
7764555
19075855
18301414
10758512
10679349
32156540
30922993
20194021
15954738
15038923
23466365
21171705
15831384
12601306
19880307
15193324
29343272
22817658
9737373
23873094
11102661
29223022
26873287
32660390
28107722
17408086
14757042
9828453
23131465
29424133
7517036
16061297
21851320
10660939
25266684
27489097
27756578
23541505
25529373
33374628
17418565
11906009
7763573
16261808
21312350
25744872
1366882
33727145
27628338
31668044
25104030
25804198
23245657
29501912
16110882
18675480
29987707
19429540
1636479
22226193
29864458
23076592
26204755
17359231
9663732
23245728
30883026
24802032
21052559
12058832
30395380
11686047
10975451
22414700
20036923
11024360
23937250
1368287
16790913
27499623
32447061
22575958
1368285
15380660
22766912
22569636
15471810
19697965
22782271
30474729
23543331
29261163
21932250
11845828
24161170
14526379
15493527
28797612
23474021
21796755
18346803
22484300
31395057
30755320
12930097
20456936
16489366
28343243
15753005
16687233
1366884
26113435
18496654
7763408
28162773
1367830
29243501
25012573
18724687
21415894
9987845
26754812
31279217
22614637
12699652
11840867
17115262
17192926
1366520
20648198
20677136
31256230
12509761
26672358
1368463
25281583
17364688
27130471
21561675
9776612
21856403
31671181
24105975
11131009
14623042
18019332
21161384
17597493
17148047
25341102
23318840
11240367
18983935
29797047
32151692
20652240
27797323
16334597
1369219
25616529
9468803
30014573
18397764
15298538
12877470
25604523
17639530
16790922
14683433
20570143
19364084
22895751
27389856
7763571
32406647
27515041
17615600
14997337
21218617
1368458
30506453
31668124
17043830
12360238
21816495
21141109
15209409
30256942
32558088
18725292
17576216
9362557
1367671
17195468
17582720
28663120
28511936
23079584
16110879
8623615
27561626
27142045
15978316
1789448
18554976
20049790
14529313
27178018
19026736
1366504
32278260
14677699
31903935
25737124
24350434
29926529
26806112
22155017
25172033
11963878
23749120
10975457
20006494
23780762
21664266
27297459
17546707
19891008
1366812
15595719
12062975
19888561
25280374
24337395
20061145
27212581
1368465
28278120
20472105
32409109
25385289
18616158
10899815
12790626
26572520
29409785
31004972
24615386
26160010
17029175
20358192
11479271
1366501
14499125
27318259
20065641
9023035
1366815
26553050
23954286
26901403
17259603
30172910
15003215
17425947
26204773
19548063
19777804
2689203
12509760
24962293
19562106
24350429
28587885
11272008
28108075
28911809
1366618
22407777
15538557
31011198
32897318
30470909
15791932
25585003
1366728
27291252
19963372
20112244
33540213
15378294
15207286
9503595
25595050
19655102
22771505
8635198
11166646
26497322
20045032
33476945
10225044
1368256
12405558
19212712
23276998
17645439
33026132
25359481
17510540
12699650
32267085
22093223
12071299
9650276
10740259
11167071
26104191
22829348
25761626
19697964
23111599
32340579
10679346
16792276
26780356
26213222
30648529
17306901
27116971
22410740
18501001
25399114
20393709
12172602
11916253
16243271
27541749
32711005
26672356
30838788
12667878
12898399
19852087
17997691
15789694
28903604
17208406
1367822
25971199
12623606
26164702
18022586
16261805
21574073
12482513
10758516
18078180
23625834
17070947
1367069
15811805
17346112
18365260
25048244
17174425
7764400
19075861
16790901
25700817
31054854
17052939
16933288
20959138
22633839
16594632
14757044
27266814
17703485
27376629
26521244
2049545
11024367
28714238
7575764
25676392
21742483
18488458
20152894
16294830
15877075
33207746
26070720
19031067
32327207
9720267
1367825
16293066
21141108
30194997
15458357
19962886
27085632
14650928
7765634
30360724
11680895
22076024
29960825
31945279
17113664
31138425
23306150
17675279
25431013
19000606
17408083
25547833
33548452
10740264
30520553
27363195
14963614
2047971
14512231
17269673
21288251
17089435
16741347
24593243
26278538
18635631
24083451
11190234
16154338
30715560
26359535
20006926
28237511
16792277
16399591
30071603
20387693
23809848
25450043
28811341
27372304
27872999
23142624
19833960
17137292
17716155
19736890
21649550
21387124
9460049
31432251
23053101
11783889
1368172
10720781
29092897
2132698
28888164
16989260
30603791
16110878
9167841
30729255
30303034
23707058
12831901
18814289
15803645
20219344
22642821
33838283
7764658
21696293
27816618
32616303
17068755
16989257
23047108
30677208
32126329
20036183
7885081
14623048
20206505
15123039
25796620
7764808
33006254
25986035
32823091
33444940
26950175
20309540
16674278
15464383
19699109
25776196
30397765
16863395
16459072
17068751
25747291
1368266
18929452
19015845
26232033
25944541
31754912
20352951
30925022
21874275
22614636
17920142
16488036
28401315
32486295
26306746
25634017
23107010
16764553
15035661
24008918
18762274
19252506
17570138
19051106
32194110
17989872
23838546
19848189
25596821
31698311
18259168
22724503
16216773
24534620
27499276
30877994
30497870
29637222
29772529
1368293
25284221
28487401
22052390
17039344
23648628
23195284
12487425
32313965
24364213
15007198
31706693
25280744
31686144
11341306
7620570
7973366
22430853
25316672
26185061
29549448
20714419
21442289
17411757
11146100
28088010
24821916
29595106
23190337
7763956
21839824
15472394
23724665
28514998
16607527
28857502
15971596
21301138
15493529
10087604
19075928
17933507
26193360
12777693
30094833
30006662
24641484
30481544
11950560
10653150
7763627
12934934
16441155
12403982
26032605
17716125
30684155
9418304
26657050
22936303
20728531
21171113
18655844
26272393
29101852
27167723
17761756
10712959
11404111
23928208
23057686
22855364
24350428
21125415
22516742
23769716
15702491
28695633
25777303
25287424
18937106
21733127
8663939
12446344
23357364
9204128
15722014
15380656
32005372
10753763
12209002
22586908
20132846
19075857
2573091
24352731
11514000
30911785
15761292
11878307
28479235
28928063
9523461
22197260
22831638
30262405
19149717
21901405
11773999
30810902
26183656
26332944
19215031
26429113
19396466
33372869
22234269
18786663
25450042
24794739
18183014
22965918
17221194
24094862
10875003
9353236
16419619
23920496
31083073
24495798
15102461
29157494
25324232
16432743
20558058
17430562
17181546
12747540
20494570
23400445
22083277
29945179
25502748
9772750
14749903
26214399
22290643
32014050
7678451
15503058
16790923
16790899
31373715
28606405
22580292
16151405
15834800
25656099
11467360
30316558
21846500
28108074
7764173
17066949
2077546
19753318
31034960
21723933
20189795
23499181
17972179
28716653
9418305
23147168
12511871
11530505
28228083
21880117
18980739
16288592
21327057
9418307
31927304
24646295
16151406
15196489
2271224
15799902
26000843
26210106
27743996
19823743
24494699
25219872
16802150
31140149
21999281
19844915
22520242
22809138
20437230
25600463
29624759
16079969
16897710
28049891
17156964
20566458
19616329
19560336
12762499
17408080
21072867
15761257
19573944
8645449
21269354
12071227
24442504
27003914
16989256
1377534
12167874
19626302
8663938
22076813
23376340
25524780
9496667
26260156
14580566
26928758
28391528
21640826
18478957
15380651
25953427
9413680
28254573
26659224
19623905
16240647
19514896
28843192
31055622
15453194
22265125
27761635
19585532
11841472
30415325
26284614
24531239
22782247
33578646
21856400
3052464
31466602
28417424
11515374
27190167
30422738
30413271
25475106
31386283
16039302
16293096
29156423
14582880
29071400
1366494
14604461
12480348
7633592
14650931
27151374
25717141
16946487
1366968
25118395
26208557
21999279
7764421
26517567
19540103
19421566
31106982
20837129
23690047
22142507
9720324
17221199
24816618
2683260
25758960
29414059
29289800
18840517
9183865
3289565
7765008
18075137
27450294
22261990
31166187
17373645
24783219
28764969
25234085
20638265
20922379
19519568
22322872
24284045
22712386
12788279
24916780
31013712
21154668
19332104
18028290
21279347
16804820
28009883
33536649
25000188
12747542
31729591
21983546
22408587
20588301
11683235
25652006
20832882
29197255
27054950
26747205
14623038
30032436
31185749
29502181
17043826
15484776
19075850
16438388
30415345
14624863
27142629
16941439
24184532
16341514
19088962
22209624
24494703
22306168
11950568
16545098
20864328
28786539
14702137
21783357
27709728
17716174
15834715
15088764
15891456
17716147
17399981
1772113
9889142
31987954
23886350
27648510
22380921
23314751
16724942
20582527
12499024
10407402
29808328
11378957
27246007
33801772
11253074
29280350
28719144
19756582
16472132
10579534
24141707
27832506
12783815
17084611
22454109
8983202
32009112
26084889
14650926
9720322
27730549
29492639
23609177
22341093
19609491
26601339
17379342
31068682
20838408
9828457
25414378
21074592
23855358
25564034
28346336
30927499
21592775
26108630
19480631
30248640
30793487
25485864
30001182
27813691
11440856
17148050
25444870
31049622
21672618
17616459
29555455
23397485
15217106
27189367
28061404
26104564
7654353
29656795
25147824
28795201
18585807
22154468
26852493
30084930
16834539
18078184
31841968
12852321
33388493
25281161
24494701
12480347
20880600
10740258
29019488
26526455
1416615
1367056
12071302
1366885
30318079
26180780
1306615
11036690
33068928
9792499
26753415
23336995
23519999
17639531
26295401
29396747
26957127
11954787
18725291
26337114
12570152
17148048
28487094
10512787
26919227
32681640
17171978
22124480
21154671
20217841
16005203
25784148
21707921
17703492
25598358
16110875
19376767
12961037
30621454
30626612
27418373
27525565
27455283
25952113
29224719
15224891
7765088
1494568
23490213
1284682
22178650
27318470
31547548
25447783
22820097
28900776
23271672
28900685
23697158
15521469
20430457
11165361
29134460
27343427
26874264
20043321
18095048
12573053
20227907
23339015
17023161
26424257
17148052
15464376
23589443
25443670
23115773
21141110
28675243
32842455
15630516
11513997
11167066
27502414
21856402
25626898
15919172
19122440
30677700
27781948
21415899
24037500
33300966
29553721
7765346
28936894
19714316
19616047
17955998
19341379
15281101
19075859
28370185
25575886
22484298
11036687
26400987
24686414
32702562
22980921
15510163
11548159
16843058
19075856
29478140
9293031
31901003
10557164
25421562
17071072
24129950
29458873
18667551
23261751
28095736
28163129
10592781
17097725
31449815
25485865
25010940
25269600
7764500
17148054
20598389
18775485
1367130
14624858
9183862
17095434
15380661
15380657
17703490
26159377
12669031
16298446
2073534
25605752
12070355
21088867
20023742
33182530
29331411
34009598
33008500
16941445
19467920
16772264
1366500
11916250
23462589
28314873
18594786
22960618
21732240
15855082
22430837
19898782
11849937
23122644
22038550
9667856
31888686
23928107
25172032
30735610
23376617
26936774
30217646
8635199
17148051
21565778
14740186
9523459
22172689
30290805
21689738
23153459
30927495
23640366
24318008
10866210
14566431
9830155
27900421
25904087
22197171
27718043
15791938
21964641
26160392
22469433
20420838
8623613
23873095
22452819
21975953
31549678
18320563
27328941
20821203
24470788
7765347
17642016
17548240
26337842
16704931
24380124
29172108
22001068
15453192
30077860
12942854
17136730
20803040
26273247
23132346
16772266
29453021
17483833
18344661
20222870
16176114
16043891
11950567
7764184
3121437
19193184
15946288
28690156
21504772
9673674
11841863
29181762
28426952
28159623
22008973
32599827
30198341
9293032
18589806
9249758
32512793
21720821
14714150
27932256
17593681
11899615
11916255
21181146
10335581
21867477
21197838
17574657
10770227
11841864
12369196
16218812
17765333
26620971
24182737
22561950
26978012
20495950
18606373
9704085
16341790
7765056
26429112
31614509
8032799
23179291
23801125
23086573
21455931
20493245
12930096
22894635
24939725
1366878
18428093
28395514
28877851
21808971
33937929
32025810
24903308
31868982
23666442
33513434
19401818
18676047
18690893
7764416
27146974
26897356
26274842
29545121
27841774
31418052
27678120
9889134
22999825
17148049
26264020
23993946
17691351
22771019
22484126
11783892
14613544
17490846
21674800
28901715
26360875
30169778
21341484
16741346
11301129
26153056
25701621
22327495
28786356
33115650
21684313
10753774
19364720
29673972
19670631
24484891
15646399
27837351
33585286
18161488
22618240
21171715
16790909
26874259
20135118
22687248
16294831
12058830
11167073
25687277
22044348
19460424
22336383
19614569
10600695
16257257
30788577
23651661
33112051
21550394
29917330
9429774
18929476
14513563
27814591
21678642
16110903
11849940
18018994
27671343
23881315
15380650
1367062
25304699
23528237
30810899
17530205
1366717
15831381
30648507
22676042
28743564
28238060
3291204
9522040
7918336
7598844
21360145
17372780
26150244
17548239
12675556
20395970
32709731
33483266
16253321
18322855
24997444
26276401
24622849
12523387
11930989
26429784
25005060
23111596
12071225
23145870
25750045
16892224
14662396
23193104
7883088
11950561
7765237
30111682
23183303
11901853
21567963
1368380
28985014
26504428
23624241
17148053
30952693
21398117
26758296
25939034
21504787
18275969
25816763
33453438
29870877
25316671
22982517
23666257
12739105
19428728
17368840
11827828
12898401
22348899
19467318
21254833
26065315
20472697
25641561
29274422
12325128
31311338
32871185
21302142
8935909
12126268
9889145
16250241
23376652
28346890
14693466
30203918
11196654
7764181
25586583
17474707
17148060
24805845
8987457
30579929
21530244
19830715
11783894
17309677
9119160
22425735
19195728
28718807
24740638
25330253
30357330
20476870
15780707
28889118
24688491
19452465
21419837
22887856
28835510
1715679
26116227
20127561
21415888
25728066
16110886
26552434
19075840
20549466
30779963
19850467
29536145
25875691
17148055
25304875
17264928
7889576
26412695
28858910
1367244
7764801
29367164
27761637
24020504
19496747
17979723
16133322
15999850
21865081
19559595
17034981
29513474
9467730
24142707
30969025
28618333
17997178
28776064
24913901
19747148
19562107
18296309
11570957
24432656
32324529
22718122
21412364
9183863
17509863
23247566
16270658
3069328
8638286
23776303
23951906
23647970
23647277
15780709
19747150
20369411
15707158
10844182
31671559
28280725
30666430
25689073
30475386
16110881
25384707
18801456
2049536
25547836
25728309
26556151
1600395
27481215
20688511
29674113
32252469
25976593
29036629
11601608
12470743
11381927
8899831
22309478
21834132
24268901
28410122
12440555
26132986
25237144
11378956
17410339
11879678
21698080
24251572
19502047
23968343
17703560
27435545
11827831
12509757
19075862
15975264
9357136
12470726
9553738
29978601
27093352
17390993
29414531
15377261
12570155
10102131
10047510
28934379
22939593
29136557
30577419
21601297
25563423
20378053
11895075
24563312
25948135
19481438
2226480
21762771
22658406
28503798
19367473
22765907
29292155
33044700
18506395
20603236
24211471
28578944
21664502
20923881
18165493
22048616
17148046
24430209
20096574
25537446
18692561
26332789
31364667
17308665
29878648
23307342
11167075
31874388
28666809
11950570
21497543
16415480
34043080
17385567
8527844
26473834
29637379
24272367
22530774
2490114
22728425
21983972
22234536
33550211
19929319
12595138
20678597
9622112
1585501
28655634
28646288
26227408
15923052
15831392
12654017
19480943
10574696
28371651
23186669
17268784
12443873
16652409
7764183
22674445
29447478
15831378
28433608
24090244
23866840
29019186
23184219
1841994
17955995
29227859
17050014
9413683
22677466
16378952
27513555
26428237
21932253
26038088
17443765
33893049
10679336
31781367
17591439
12436920
21115109
21550393
17273892
24510142
22234474
25214214
27449494
21058316
19300995
9889135
21255288
12523391
33543429
27837353
30451109
22555915
16167102
26944794
26494981
30363680
19747149
19716614
23586791
23855448
23815749
25971200
16167686
26889052
15722016
22985065
29341307
22406111
20071212
16293095
17312263
11287225
28414202
19137336
16675290
1445403
26416769
14643108
1367151
29414072
23615467
25209835
23186688
10189718
16290212
1369101
24083453
27396521
30863068
15176865
22306308
15806355
33276074
22753264
16495045
25579192
18080469
2698471
25285758
10087606
28697669
20600783
18804158
9675914
29126789
17703483
1368284
30406827
28117737
23537815
21477876
18025705
17379339
25618831
18703132
15459798
31372706
22189864
24953179
32149336
21495258
11099049
25656098
26504249
26924471
21125266
30080309
24788328
22101707
7765592
15003225
18463806
17146652
17662594
22068842
9276913
32818445
25674704
24562178
19481437
18044300
22777886
12071224
20673006
23980652
22642703
12517288
25373789
23617701
16270654
24005992
22188344
1456110
11983414
16790902
18804884
11838949
26833542
21655980
21620493
24848420
23306890
16270655
10844209
22579861
21701984
26874261
21397350
24166441
20811127
21887507
20868219
24918453
30172385
28676417
27020411
22314515
12889744
12175769
14526385
25981886
23216470
23186673
11234947
14650935
26803757
23356956
33238482
29291494
28188696
33798577
24532442
18818351
15062774
9263476
12413822
20195563
15946735
33631186
28601395
26293336
25399310
22782253
23989917
19075858
31025057
22923137
30369284
32172323
16214043
15046593
10546650
18589946
17522819
23242496
1974793
30717239
9051483
16041571
17148057
23881318
23435901
28161187
28778817
8501128
32754790
25406392
22995837
25457388
22776161
15724215
10341426
18725295
19075894
27173172
31037463
27450382
33550168
23278225
19075868
16740384
28921830
26996636
15048589
15193331
20518058
12825416
17399984
17411718
26658003
30810810
19844913
22162496
33508761
11991182
29698705
22795485
15464381
19579217
20414652
30676989
17642015
16075723
10679340
31689614
29520601
26648073
31393549
22917903
12845495
28390874
17849260
32750680
21621996
17430083
30446943
31168713
9744114
8212482
29019182
18612644
15982450
28744990
16226455
26672355
12783816
30528220
8987459
18430479
15290348
18949123
22796091
12783818
7763363
29597075
23069612
18760356
9290037
10868908
11977591
24503452
33430116
11250031
24613317
17455764
19826806
19857144
1368437
22244788
21660570
15629856
21619926
30488657
30502637
24903809
23172231
9206016
20089184
17703488
9720321
22524388
17703484
11513998
7764923
15217108
25342060
10679339
17338141
25761625
7765983
31174018
30968292
22622840
11827826
2515757
28538198
24074523
15464377
9807838
33781888
23886651
22890788
31513988
12058829
10875002
31664704
17316749
29605178
24438709
27858045
21999280
15217102
19075838
24156399
26087620
15811803
33246218
33571854
19075947
15117251
11283702
24747045
29691674
16551535
16472305
15949771
17212585
31968996
32599230
27184617
23919240
30412855
21805169
8639955
16503283
15967579
9670796
11996217
23298766
22829516
21570833
16839756
16216781
29359659
16084615
23343163
21412348
26104347
18392018
23793914
24124017
21840247
27824282
25499744
7544591
33293564
23003009
7765468
24962119
24713236
26841496
17055042
25168412
30778611
27599623
25851544
31809975
20804793
17049837
24506661
22926412
18038679
24210498
15496527
15453183
27322258
22809500
20618713
15831386
17336510
12470738
31784816
15122047
12103305
2132700
33254434
18557405
33121765
8818288
12551698
10532392
22752367
16572834
19768628
17009698
14733208
11036686
24535254
19149528
26350883
22306167
15380663
33139050
14643109
20197235
15062558
32302926
25412618
24232833
16517049
15193327
30940507
23589416
20473606
17045192
31114196
31398398
21925380
25377145
15380644
9667907
17716196
25842169
9204750
23206809
10367669
28455953
16249876
28941332
25461270
15899148
17396253
23664704
23384504
15790308
31675581
19149724
8501127
1367192
19075864
9890139
26944793
24350436
31500208
21777355
9987844
25451772
17022659
1870946
28097384
19075956
26974563
24737072
19906527
31881445
9198272
24350425
15378293
32818442
27196915
2698096
22074787
12449205
7883101
10449312
28849836
33142112
25708573
30478096
26514623
24123972
24062137
22804334
21775004
20130441
16411949
7765348
8165951
11440170
27432246
27237574
26272092
24859520
9060004
29359652
27725942
20954389
31323998
34327893
24102112
30315351
26439809
25494465
34327888
11902541
23239279
23801123
16650754
16290220
19301090
26082230
19075877
22162415
11996219
12706659
28167357
24811584
16761166
31215363
26153774
25185773
33404834
26526132
19352648
28388465
23899509
10449319
20493246
25577395
23578899
22581036
21211960
25449285
12071232
10851145
26136514
7864529
30875666
28219529
12487426
7632395
28954542
28239761
17671522
12818379
28256275
26292987
19203649
24012404
20608161
23849673
22715813
8527834
10740262
19191979
21601630
24730317
19447816
19149719
2672368
24676751
20186409
10950510
27456821
21229587
20797342
17150269
16216780
25431201
18536691
30054915
30270411
27556042
25007572
1369483
33838284
12512257
31863144
29132753
22504822
29327217
16570874
16253387
11838954
11753360
30077584
2650884
10945918
30739814
21865874
23656228
21196289
17318530
12405557
21324722
10600696
15825643
12022262
16983226
28803063
32887160
32569960
29532901
27578241
21431239
21255325
32721624
11099952
12546969
11860297
24732022
22458418
21666928
20180114
1962191
17553651
24053395
16735154
32918579
30737009
2190205
31048223
12111139
9425661
28789584
25865857
24407452
22360528
20740683
17037078
11775846
22391966
16095899
11741648
12463716
18330472
25236334
29457629
22985679
21413835
26526452
29355599
24686285
23251086
7764398
11832280
32199343
23138713
11151056
12937955
30927378
32172150
30561594
23584242
23027660
16814509
15003221
29857102
23632375
21479938
31781815
21277771
15831379
12405559
11760232
18772282
12597123
26409933
27068056
23054187
1573554
28427274
30054703
19689355
25940546
24623189
28528952
26178774
20188809
18701351
10099324
2264672
28846485
22176749
18800594
22819926
16839810
12898397
20201415
20362489
20091305
32387643
7763570
22054827
24965557
7765748
33535536
25519697
7764182
26288916
32109471
33970318
33713898
31223083
28552816
11285453
8856961
21925857
24467898
28766035
3318692
22141194
25278344
18593686
17826104
11849938
11495573
32682037
26970511
22938548
33574868
15451505
31350570
26153348
26083903
18436317
17225103
16293027
33052037
9032989
7765261
18327540
10976308
12668948
32535696
33823268
32227251
17998153
26202739
25246168
10189715
25340260
25246169
31683048
28078770
29233009
24688489
32239523
22085920
32144661
17646946
31926477
16261807
19149589
24065158
25784147
33186644
26373728
27923764
22902273
11991177
1518333
22145836
10851156
22992227
22520596
19493898
11601603
11101802
31811638
26245815
21054248
32720142
34000294
32738092
8987456
2144134
23178704
11166647
31558339
17345563
25971701
24743245
31820067
25687275
21274256
19428722
21035218
19392644
9734993
27373767
33961116
24166443
8987916
25971160
19875278
17408081
29244936
17225102
17037832
32948074
15928863
17455762
32632607
29673987
26994377
26409315
28533064
28238042
25854643
10356246
26602145
31085124
1863981
16870285
22405283
30310966
28944817
24491922
20067829
30406439
22126801
18449388
12783814
10480719
23195654
21063703
19329302
16231958
10875004
10475062
10077956
17251159
8578972
24467460
20872167
30502620
25761623
31181317
23747736
22827369
27565971
27190285
31696403
29959859
14615230
29209794
23494626
19422611
10568346
10095137
21435869
19876621
16195792
8791334
12573853
23111502
12058827
25883055
21724282
7764598
30500354
27319210
25578717
18491592
18201856
1368867
31697994
26616724
10975455
29069404
22940211
32505862
31005803
10111313
24726715
28803062
22433674
17028780
10857222
20306190
25115849
15680622
24652545
24460889
27867004
25445546
21353523
10189717
8527843
25765230
26383603
30779953
18478958
28763577
22803641
33202280
29471208
24582951
22093303
17968539
21203944
23488872
24245105
16095898
21874274
18980740
9720323
34320770
26972849
33091484
26273246
17453176
12692692
33226470
33508634
26999165
26657897
7765052
29233013
17168520
28289983
17664669
31171737
23872961
31326522
30583706
23318668
17594064
17412078
16171989
10805561
18022591
19956945
21295094
17131238
19568745
28837944
30382570
29423860
34116375
24995572
31954530
29248684
26166041
25624512
9569135
30190620
12323363
20359301
26754821
23455565
21775665
33138823
26683567
30875665
18946974
29477757
9315216
28764567
23702164
34207684
30963257
30006239
22120624
8330682
25899427
33264986
34099656
8446057
33120024
10645492
24682483
29310841
20615690
25261766
23280578
30847544
15491854
22129301
16151407
33142619
27871368
11566386
18985591
1369277
33064624
19778598
14567475
7765009
32631858
26399693
12722629
21128391
21785932
22119239
18438740
9446330
22569038
26738754
28410475
23617583
19201253
24057405
21046372
18378441
18164161
29519633
18760358
34324332
15480623
1636483
23394563
31811318
21375719
34139560
28288861
28924866
27619083
18228010
32948920
11167074
29525091
25447860
33383155
33278727
11838953
17433846
22614639
19075849
16614860
16231052
21999999
19515552
24628496
11999695
30261251
28789570
28869851
32847584
31071430
10527120
19820925
32196542
27376488
22829529
17045191
11960325
7766217
30826848
1367747
31135346
26795964
24972651
22278256
26000775
17027867
3079232
9933975
20953869
25677731
12827443
25335988
17917745
31051208
19875185
33064858
3067978
30426153
25077780
24227697
27206559
28789939
14734250
29232601
30043268
25684732
11253653
31882200
23384505
21058928
11762589
31797006
18768104
31563049
32910270
30470869
20811100
15003220
32688060
18670158
20608496
7662305
11721623
12943855
23792182
17225094
21366415
19911872
18950697
17581810
12674397
9293034
9413686
28941272
23872076
22006077
32220472
21567179
11686050
32005400
15780711
31187209
19075851
33548312
27235190
17935117
27644897
22926924
19149720
26268307
12007643
25867926
25431014
24677719
23937251
16815577
15127786
10047512
33540362
26150245
33517194
33450608
32024235
26115753
8791337
9353237
21902635
24170176
22134638
17318533
11193297
32094007
16317480
18956368
12009791
32227729
20219419
21575662
16954140
7763971
26416686
23752356
16022664
28105601
18320565
18217332
11152064
20662375
19830420
32520661
31841969
11792453
27983586
20331529
25641329
18568862
15468205
23146097
11548998
2182064
25933521
22831855
1781319
31713203
25601411
29233011
15504710
12804085
30259182
17956001
20077248
30426501
21929293
23872281
24463034
2268145
17100281
28438268
26056951
20593104
19633836
15599517
1931017
31982863
29029851
25567511
24780153
29360505
22136639
2047978
23498845
22299651
26682455
21415905
33358973
17025341
30772433
10172057
29454983
27671728
27905012
24496571
18258209
12698321
15135491
30916181
25520172
20217713
19491050
31655339
21129947
31926794
20863042
33974111
26059229
30840146
12821302
10099336
18760355
12898400
28629096
29205093
28960792
25447856
15657724
25746161
31344033
28280869
31989226
1367829
29473099
26305841
25865599
25381187
8987639
1367826
26248319
19892549
18478447
16223825
21255275
23578225
17956539
23067422
33515915
22117510
18431577
29764204
28319854
19075860
18774120
17703557
20371477
24113213
26995609
17035074
25280901
32115347
26115196
20049831
26841495
21310009
28951875
27629544
15767691
19766668
25865366
15987384
16608432
19409974
16750941
20301964
29710428
29157974
28481236
23897421
30251724
17705713
24630477
19896744
26104457
32582169
27722513
30042170
26776248
23989799
11849962
21999994
18082393
21637004
17285676
15018213
26672357
25687278
21698530
31877629
15295780
30069731
29510657
12007493
22361646
26801871
32482213
19204698
33422914
25980924
21048406
28778606
28800551
16777403
33582521
23265857
30058302
18579331
31437573
11404102
9353223
17876577
22221977
19606430
18777021
15831375
11759675
30530243
27154347
25573765
34265593
26010998
7885080
19929318
28357540
15575321
11354458
30109622
17691988
17405143
34085438
10735073
19075834
19622489
33713917
20464389
32781745
22803796
17152700
12470729
9828458
17196782
30849432
30226404
29660710
11816810
30009567
31207464
24480607
17089084
11167081
22222837
18217341
11849939
32621790
28698472
29577167
1368190
32493657
12126270
31862234
15038924
27165254
1781318
18440082
8645448
29497793
32019707
29882898
29301148
25679450
19348564
15738978
9755645
25154474
25450194
16506521
1368349
15973534
15450744
12435492
31734061
15831376
19624254
27030440
29350974
25795057
21058317
17695708
11989660
31902640
32514754
30537361
30254508
15825640
26189000
28599144
21094045
17061132
33691792
32246346
24333465
17056954
15364350
27658267
3052499
32601737
19896852
33468160
10209140
26648412
21789490
17942363
33403642
31359136
12908740
21767183
18320188
31088675
21247760
19644620
29035719
12366374
18992815
30784872
30767279
16233847
28905094
25952110
23510698
22396218
32302579
29733891
23945601
10603647
31823065
29071798
24445920
22872103
17584120
21255339
19030854
25319678
26451629
22442034
32430594
25218104
21194868
11824636
9841643
9220596
10361078
19529930
32682871
22057543
12073125
31086077
28527344
29476401
12071229
23860413
22965925
11467329
32473619
23199277
33493748
21261849
32024292
26177333
25135479
30515722
28732902
23522655
23007444
33387639
15085406
31129742
33091485
28884354
8987635
25223761
22911272
27052209
12234210
33928423
10449321
33865166
31481198
32252467
32339373
33049824
22468600
27288751
25861650
16792278
26023156
25835779
23647554
20628412
9293036
27696775
22750448
32298041
20739456
20627702
24632483
27483205
29943148
7654348
29081047
11831471
31463545
32526944
28866824
26225453
20811128
11499947
19853660
26362681
29621159
20972794
8936434
15597567
33068230
29032473
20368995
17512068
15831391
15613810
10596822
16594625
33125185
26514109
20655798
19727942
29670998
28300614
19324675
17676282
9353228
3052412
17509864
15380652
30292788
33864867
33586322
30444116
20545284
19041387
31563048
23243917
20621283
28181720
31989223
27104228
26450508
31257723
28374578
18369281
16001256
28803154
12626681
12768245
25214216
20391755
22288190
18598220
8024545
34009579
7819388
33711652
30883214
19101592
11378487
19075854
31577201
26514324
23540421
20479976
18510428
17572039
34327889
19075869
11326054
12883082
31573533
17137294
29428910
23499177
19149718
16231056
9889137
16516325
8392284
7764201
15248040
11017041
22537876
22124723
26838341
1772110
24480185
15242296
10838466
30634118
9720320
9652139
24091289
25575885
28544628
24563152
20532754
15529164
18996194
33965529
33053652
10508632
21624451
27449612
27531513
23480961
18037725
25182323
21267760
18430480
19442714
10549557
18019344
17015011
12058826
12073780
25575689
30121464
29519611
25795055
28986904
16781139
21254621
30465907
29392566
22824738
16270656
1368316
16567009
18189151
23647583
12063017
11876405
23809113
18021071
33949576
22274896
17671320
14620383
29414950
31190593
11219739
21086103
33925886
21956148
20447859
17691990
17716210
17624229
33579001
32518043
22580692
22465599
10066576
8820131
26027346
2043277
1367834
25437636
17951234
16779636
18691089
28447371
26292513
23183302
18410157
22138043
33895331
29430583
7763976
1445404
31152629
30304225
7764503
2074899
19473829
18392958
17981609
10907549
27879659
27365165
27565669
26745967
21729746
23411598
20061824
18427676
20420215
11234955
20697629
10511702
9418306
21819771
1809201
7765074
28425974
23984325
11548997
11024368
10379402
7919787
2191204
30058303
25795056
17321096
32163397
31926792
32685951
24915309
21800030
22803390
33034874
31026496
20371171
21255276
16574879
26897014
18760357
21218629
21052988
32805574
20572789
26614225
24020506
23878819
32700503
31604600
2047975
24709348
27223822
2047973
2222560
24432651
30740985
18243381
14673548
32442504
8792146
28427282
27352246
34003333
31279520
24663117
18786627
8742378
10981630
9189721
21987121
7693354
1822834
22665393
18374558
9783172
12920915
9138757
29400389
30051974
30560452
31167574
1299219
15825645
10066610
8400381
17869503
12908743
26144837
16623228
26517806
28606753
31405625
21360763
32683278
33609577
13680202
9667916
21696949
19544040
14580567
11152063
8987460
30569420
29779478
29204837
31586642
29557518
28951953
12363179
24044610
17214100
8839682
8053016
11944819
26388692
24275500
17891391
25447863
16125445
16787221
16915826
22367287
20981417
28444822
26021602
28933075
27400763
20567752
18345704
28717021
25350275
23577431
11858039
2515759
30607489
33526306
23830144
16621678
8122286
11249743
30376959
33127548
7763972
32758514
8980483
23462350
24576157
21429742
20572796
19474076
19324676
19715117
17269668
30709766
9807839
31668037
17466589
20546879
18158236
17292072
33501797
12448723
10521151
32537803
17994879
27169384
11785425
12693010
17265717
16583782
29338695
15762165
21561673
26745466
20570620
30572024
28464443
22551527
17716184
17116571
21646689
21530224
18625311
19590870
17345579
11950565
19356632
9667908
33974980
30653299
28296287
9634776
7763977
7764086
9079394
33631493
32375518
20631875
1367617
28299323
17607538
18428746
24122704
22524389
17826108
30316846
27316777
31927061
10859934
20732807
18511917
15646045
15512972
7544984
31917871
28499817
21726623
22170106
17716158
29860590
16716556
22445787
15857782
14987714
25998019
10675897
8791212
32299245
22426712
12470734
20664603
25168413
1368409
27241535
31629213
23415154
28941333
9689530
20396881
31364198
27074335
23810638
1367256
9413480
30190199
33494006
27337971
26558497
2132706
28774676
16718720
14651865
19333595
16309768
3331518
31463535
29215588
11480420
20654747
21514372
25051990
21729747
23683880
18980738
9353231
30592420
27245673
26846352
21941275
34027942
33007697
29576518
32554213
20464216
16586104
11958333
26310064
21632238
9353226
32734892
21648093
28443658
33498184
23220475
20005701
16231055
25142695
24156739
31668032
29019187
18807973
18545747
31230516
25454857
20814088
32748587
29034620
2223162
25594406
7959918
27068832
2687069
20464382
23937252
1369088
34192595
27701897
32150717
23677254
28422082
3069115
8840785
3546029
7625927
25677990
20349352
19768627
22843425
22484115
1370028
3324853
20811599
33902858
30439673
8955630
9353233
22829536
20838790
17172667
18487989
27354727
23461058
31421454
31022532
29703427
24780152
23184717
31636414
28223805
20515367
18071590
32067108
33461869
31862233
30469019
19649621
30768953
22085593
17471765
23080250
18457965
16566090
12690955
11166645
32092569
28920388
20077245
23831003
11797909
21672617
34098416
8645451
19768629
25983294
32942912
25835154
25446782
23954307
18802417
32684320
33564922
23102412
29858606
24084493
21744501
16489273
1733523
8637842
30232968
23414412
12413604
12071228
11901831
19233256
18291542
31995278
26318845
24630478
27966047
25686716
21598370
19897353
16716919
17335286
10554771
9000305
21431908
31167963
33275190
26066287
22498437
17339108
16036615
7764160
26806341
16454690
31814101
26995606
27872967
25030207
11252378
26310290
17665194
17512194
21656807
18512080
12058828
2554694
33310281
31542821
28419590
22432617
18573082
12747565
30964006
19000607
17333168
15831389
9353225
23080246
12497182
22159888
10449323
9037867
2202520
11179803
19882286
7763979
8505270
27933436
26494982
17185530
12038999
25665633
31678714
28976637
20706612
22428642
19636543
17367886
15778214
10640113
23532316
30876799
31627138
28803061
23587964
17152701
9413684
23686280
28165769
31127662
15362290
11887755
27838289
34028763
18717328
12071226
8645450
28827167
11795035
25480400
7764068
18685270
11763501
18725289
26820412
9737383
13680206
16110876
22331581
19618999
8541982
21636994
18682237
21820044
25641324
33090237
12443657
1368930
26996613
23219184
27573579
17589813
33631171
23733711
21220723
20822168
27718148
33141031
31945498
8890376
2291436
32827049
3052410
20690901
19258693
12974015
24720661
23855359
29943697
11172489
23378142
29370540
30570367
11976546
16544839
25022665
24405402
19385429
32088757
11537175
22038244
21667084
29428334
10075908
24323919
21185717
18258642
26216654
12583137
12974012
20640872
17091150
30934947
25077706
2669095
11549001
30196813
23395406
11601605
26002037
8527835
21824512
15242289
31363825
23112644
7763969
1636480
20673017
18760360
30178099
31172204
31544994
11986034
32180435
17287749
9353224
7764207
19360709
11701495
22327500
12180100
29956626
25392397
19306570
31713475
24754449
22359157
19830825
23509757
23180741
22949089
26999422
12353364
7763973
10219714
26671220
25652005
22042687
29694790
33648214
27037670
23453397
30414618
20825521
10422221
9729110
27790704
23339903
2701046
12951698
18322856
21190104
20223652
19304495
17855221
7764638
24902713
28641516
24770565
20535464
19419283
18095848
25918182
23063405
21782265
19892545
34085445
29577682
18510014
23863475
31840797
23165101
16515381
16123536
34110474
33390315
24985498
22999273
8018074
15520812
16250242
19178567
10651215
20070874
18829477
30010862
19948487
34120059
20561776
30587041
26435286
25737123
11816808
1636477
29316607
27872963
20658193
20513164
12943538
32026590
18154699
10916140
16617034
33066212
9336986
27905833
16683135
33615734
33556834
23962714
18240029
31954529
17391067
17102807
16880954
1368972
31559670
29316785
21705801
20047033
20973635
17429812
15088768
11102662
11701490
24013010
24366526
31441608
31437500
23604535
32112133
21171957
16680702
14696868
33895333
25160916
24794165
15450748
22790166
33460995
1999885
17045196
33320633
31302223
32810563
33736224
31451287
7764800
31974527
23394561
22112819
21131229
17849258
21895995
14563477
26707985
11587926
11164995
23958781
29126108
33864693
25942290
22903276
7765546
26133365
17691991
24643734
15857778
32693016
33332206
24590188
24044282
28178368
27978808
29224620
25483049
24816568
14498761
27013188
12940545
9078458
16823906
18426380
30439939
22639144
17045199
10874995
25560932
22828164
30529238
25656474
11535414
21835627
30463446
24638901
29626736
30544620
29110678
15526157
30928858
31954528
28095321
26832395
31157992
30796505
30532534
26027574
25598514
20217605
16594523
14566430
25416472
12704218
7764643
25792513
3305516
15453193
32629191
28715703
11327691
17761200
18258212
31985376
19159926
12573858
19463938
29943398
19454530
19156357
10449320
12700874
21334964
9580970
7662303
7883095
8221897
26949164
16323567
20697717
19199085
21083140
31230476
30367543
29929427
26598663
10546663
23638932
19474079
32171418
27912202
24449177
23648867
18585311
17278554
15026105
23594863
20088770
19768624
18348175
18322854
12039531
26231123
25528175
17596941
23187827
16826375
19179954
23374125
19376768
11563907
25723097
17292125
18761088
11072114
26219501
31486562
32369185
32653731
29713791
27912680
25796624
25724929
21969690
21721140
20480239
18598911
17826107
15709905
23485581
21864892
26303096
23748648
18694293
15350287
32795661
7894083
24681087
32249552
15599945
7654345
1831161
22882709
22045929
7765644
16110883
25709446
19951838
31843371
17899563
16728346
25017196
24413978
31189781
23358998
18654570
17524590
1368317
29402473
25443804
25638951
31726426
25306192
21127247
17160059
10203776
33221379
31517427
1366729
11192026
1367143
8725673
7765543
23988676
31264547
31168960
30883020
29497798
9013647
9704084
31920109
7764646
19660565
26362683
31584208
23986911
9853831
30220578
18217339
17290820
1958026
2047970
7764644
3153156
33141122
33139071
28917732
25636486
31538358
19447212
28987922
17181542
31784251
22642820
21599542
12401032
10656327
10592528
30974154
24631825
31668030
9631034
32629777
31792412
20454790
29517829
20713296
22377422
17181543
17172668
15032103
12271814
23895041
30810102
7763968
25826268
1445406
9636311
17946829
16721376
25808341
24327213
22890723
18523649
18442255
12610528
11546863
30734675
28632186
17205886
16110907
27835797
26154466
9704101
15825644
21288195
17935118
20518059
34144133
32720891
17169550
29981112
25866854
29714139
29336531
10590665
28275884
31050587
20556634
14716467
29909825
25503316
31758754
33561703
19830419
11693193
7765460
22890617
30945957
22927231
22421211
20047457
9704097
8785436
33963893
31494180
29506528
33712339
11378489
9251141
24937409
23266099
17904350
26954893
12674631
21452033
22700437
25809659
15103066
7765936
20550513
17460886
30463411
17483893
28631029
21807246
24681092
28043897
15995855
29870573
28765121
31954239
29414073
11604325
16317441
11530660
23925947
8599335
25641327
10851144
17057839
7944353
12182700
29247367
19766335
17473905
22999827
21476138
20800759
12727385
21793841
31203795
15453184
31792054
22517564
15922130
31170447
17375384
7883086
18085462
30064899
18565715
18019345
9406182
21626747
7763967
31862358
21167896
15196492
30209671
29019183
17215207
26011014
27279567
22802496
20953416
26311177
25104027
29594330
7763978
31679461
26580631
16385399
12075343
21416200
32845858
32271563
15974977
22819831
2291437
19372176
11684771
10856925
32088034
26002068
9866170
33186607
8987458
12047879
22017627
2117998
28062838
29803433
31922742
31250497
30511822
26126524
20380880
18288878
15217105
14960775
28347720
31645143
32672255
26008198
22021162
7610020
31328472
31864234
23627160
19149723
16198463
15969099
11244839
23611567
22169047
28828978
22964521
25113456
32894378
32169000
29178190
27403629
28393483
19529046
26506111
20667607
17015295
25043132
25535094
22112901
21878555
17571257
1883599
22080346
28110800
33172703
15831383
14643101
20148641
19621222
11681637
3070388
30367349
30066414
24630342
23064705
16924266
16570683
12831895
24780157
7765635
20811095
33128747
29448095
23433955
1369493
9097850
32648189
29480337
32897644
18164196
21801829
27126368
17204423
31665104
9859226
11256171
10612088
25747290
26999123
25214780
23302259
18385581
18037728
34037841
9353230
27232770
33238421
31687377
16957893
31259464
19640133
19219641
17826113
30288951
23488873
15468204
31668040
23603952
21843626
9013656
19279070
12732322
22728388
8205962
8987636
16216774
15542153
11024369
25415349
22475460
19664935
12850787
9588002
31830890
26302443
28724619
33418353
20801636
25995628
23916872
26419545
25246703
23481348
17691989
33834666
32228091
30025888
29395742
28947090
21336930
21146237
29959543
17278160
1368351
26262628
26399943
20399826
34085453
25417743
29191666
3052408
11398917
10968626
11378961
20143935
18981698
11950566
15855081
28864609
32500816
27452170
28838321
19708823
15847186
23475180
28888551
24791713
15557293
15590779
9251140
7764209
10068796
12940550
27016141
24516432
10413399
18950280
25264572
25326165
20506361
15700127
30909177
32942240
2642869
22779438
10197053
25636487
21447377
21161233
15831387
33548453
32866754
18392869
10333070
28576483
26672368
23557984
1366923
27037693
31486583
31668039
18774191
30390535
25086362
28834240
24679266
9013651
1369388
25520370
26933735
29768220
33394149
31454421
25583225
24063013
15477652
15255374
20424836
16288845
19702530
32784854
26435348
32978889
15296927
22561949
17131147
19183890
11673651
21612834
17956000
32246162
31536328
31087001
32789744
27094184
24955641
24284881
19896358
30339871
28544675
26342788
24177732
22198716
10855707
33940454
33463348
28934418
22284604
19783314
15514230
31928924
30394023
25996121
30172460
22189429
2515758
29606469
20098610
25549059
9749431
8556429
16931133
29541890
11684775
25532679
20170474
19880308
16312150
15358000
9468802
30904586
33379215
29265888
22307761
7826017
29890193
26088007
28610890
20694462
20919952
19768626
12570157
20073196
31678863
24231155
12849784
9821285
9251135
24166431
30880142
17222526
30063950
25524722
21152915
14683432
12114111
10656326
32597455
33937926
31466821
30941462
11192025
1366497
26339647
25956542
30964005
30252036
23372006
30797020
26335744
22994958
20603377
20602989
19804434
19590868
15350289
29019185
23659931
31668035
25365334
16198319
16516322
10600700
33047877
32916227
28918349
10857221
12434928
11792451
23494190
27007381
32530374
30710154
16849244
22666170
23474618
19875279
16622791
1302184
18980741
28965913
31766541
31660075
30763963
17696812
15762158
17234939
11554478
2699236
18524668
31892180
29923692
25970844
23882899
22181669
22122602
21592772
20865255
19002455
18095851
17313354
11305366
30700159
21397351
20724010
19075866
26057689
31223315
25912450
19075948
24630474
21497924
16381179
18458387
12522444
17290359
3153592
33308126
9013657
23395405
32212873
10553221
7764648
27095410
33279744
28464772
24630341
24489467
22146898
20041459
19146967
10770225
23940015
25175886
30076756
10449313
31394509
29482550
29034767
26318347
25391565
22382296
22175818
21692448
17706395
33370664
24170447
25073518
29240940
30689003
28777925
24095665
1504589
9251131
33326185
31654858
26821131
24698846
18685269
31932066
24557077
24479793
25846965
23894815
21480193
15968420
24978820
15450500
9547795
15512974
21931361
18478186
10770226
12658511
31352666
15979677
18789382
18028029
33991878
33566564
32971565
32329289
31846618
19134546
34009581
20347763
30193965
16823552
10077954
24768759
16892310
15999851
33037986
29385857
19082585
15107729
29768936
9704086
30142922
1367954
33069466
32726650
31901694
31794799
30430234
30145004
24552563
22954716
30773590
30724233
29101307
19757463
20652049
7883100
25058513
24182322
24671159
33429315
22980697
33730622
31322071
18511916
17082931
29631430
7765015
33622520
29460400
25614018
22160295
14642218
23447052
33885099
21871679
21619532
17028779
21255361
24490739
8165952
1605092
18162393
20818805
19426853
10546660
25641941
20333389
2047972
26053286
28265703
21930196
21529332
21545607
25198437
7883087
27015292
21386039
32003096
10806996
1369133
26633378
25465382
23617600
21286708
20879832
19151948
9080717
9013653
32979430
26662214
15480625
28742527
16997715
16288844
9661810
29102791
21147210
31298154
29588387
23963741
12044065
11999713
30336443
30273809
28179156
25148691
22522970
20874025
30908951
11535417
20479988
30928828
6444136
33307855
32830363
28397302
26423237
20584360
16766174
12495454
1368195
30554069
16498591
29316123
25904131
11786352
29938320
31070293
33581537
33325692
31956059
31905716
26286514
20020272
31811394
8785439
22160907
28544902
33255647
30935964
19011260
18524567
17875474
22837174
15068884
30078136
1368881
24631941
19075938
16828276
8905088
1368938
11591276
11402715
2829685
28423948
3153602
33901909
23305350
8220231
26907551
12927967
9204127
23850857
24094861
32044105
29862447
27468658
27382788
19877425
18458414
14551653
30896916
16516996
10751688
28831716
27022715
25960390
12148271
10866208
10189716
8987461
31902638
24089349
32749118
32556412
25640923
32866590
28400137
22684017
15327360
10410659
1663749
2202521
20519857
30471318
27023568
12807950
12736528
8987627
30067202
17195461
14582605
23808336
32729529
20052703
32627609
33027901
21737251
10422220
29911725
23677442
16472168
15659154
33961583
32372559
27909736
24664320
18283287
16465992
25702086
12105384
11944343
26686515
32443629
17493798
24806969
9729602
25710056
31770724
31267628
30521998
28740385
28605120
24508501
23104646
18037726
29778531
20449740
16240644
15831388
27139424
25862394
8069934
29966685
15612413
22707056
7602765
3043702
28916381
1605093
10097404
25048223
16828275
22608980
33332490
32889055
31309877
28779951
23523260
8638284
33785373
30238140
34271353
21908918
10805560
21511765
17578408
8936435
17111136
21660571
21048401
7763437
21354780
26027890
32130551
30419663
31963295
18937235
9810771
7763975
25301586
27720980
32003987
1733520
29316472
16735246
10961918
23826937
11310484
7829576
30083928
1839127
10553212
16110884
28585174
29780982
24412764
27875967
26512010
18706753
12747559
15811802
7854251
30729286
17988755
12480345
31119258
30253898
29329774
28956521
23919241
17225846
15262316
29418076
30810393
16621672
23463246
14584911
23611565
11414316
29183381
31954367
19629083
2699238
8364976
9821275
9636290
30374497
17939883
11935175
28971248
29764205
9566289
24751381
17525864
12728342
32365832
31793710
29573286
25545217
19446353
28521055
18309224
25514000
11102864
2047977
31668034
32085502
29396707
33401164
33316662
15979390
31412448
23266393
23267860
15745269
28809450
25963599
19194891
26647578
28251564
32890799
28189154
12071304
24908382
30367182
17058075
9487704
33509781
25382198
10738565
2291440
2032315
28068855
29480038
19968823
11841470
26954729
10851146
12173458
26320388
32841786
32726737
30758528
28642108
1368939
29973089
10432861
12839121
21809759
12940544
29652849
29278833
27036742
25738184
24715814
24630491
32860433
23674519
19241999
12620315
23930719
23524154
20222456
16806893
18638108
26165970
23510904
15727037
16918365
32749116
31325824
29582476
28651875
27142376
19768802
10977387
23562542
29853167
29402135
7917421
22276396
16671397
15379694
28544731
33229086
25993272
30010436
23582719
21420292
30567324
31325775
2698653
30245784
29017192
27238291
24749385
34170631
18676307
29679619
30704902
27455615
22651991
14524606
28637316
29133008
32446410
14669056
33477853
32665106
30071367
19514894
32497514
31994600
27269671
28393691
32763403
12783813
8785438
8785437
29723612
26499414
23042546
21299045
18318655
17092599
15350288
11378488
15032608
33105791
11334303
12764554
34142507
28818798
26976700
24102113
3153589
32155432
26808018
19328842
15294076
17304250
21626021
34029667
33529961
32618490
30682670
30343791
17257913
12508444
10077958
28606046
17955991
27064127
30599783
33735357
29533824
24793870
12071300
33019932
22595098
12022469
17691992
25697753
31903797
9080715
28017156
26110980
25835469
25196110
22963637
17331891
16882685
16042591
25968161
23473971
21063702
18676453
25820600
1636482
31430498
25091118
32159205
19199935
10967218
24679252
32074000
30828754
29154509
27757792
27190253
27107796
25582729
25525356
25110921
22131826
20049778
20023754
19940916
18510430
18510429
17295398
30219952
27489452
25377691
23239045
20662648
20004693
17706547
32717283
30245196
27350519
24619616
19736740
31136087
28865341
33819663
33022328
28884324
25375353
25159041
1869809
24412306
31401242
19412828
33780683
32604053
30744096
33652165
9821276
7688617
30617537
23939885
26476870
27179764
31931050
28378220
29019184
25450191
31939144
18043609
25025271
29856042
15529752
2047979
32751369
31324632
23999357
32239348
32567633
31882199
17165561
22978054
22921756
32064678
20450400
8987463
28540404
17401150
22480936
22814234
22736352
29633892
32739448
9670797
18979095
11282335
25816883
16231046
7763970
8939624
32938347
30659332
25454204
23178675
31168083
20478078
32627972
29883876
29737332
21599564
20510184
16262972
20112666
27885530
1367254
7763721
26963770
33508344
33387947
32277414
31444120
29679822
28954673
25272129
20544800
27915376
16150630
14516873
8987637
23114874
15559980
29081360
9293035
25239785
3064923
33805386
33840612
32762078
32467028
31200393
30280669
29908874
28866227
25678788
21121278
18023838
23923628
20184738
18240096
22174558
33255097
33205286
30133816
24658814
20225296
9276930
11957775
30526037
21889977
21726624
17189164
16160828
16498208
9627388
17822024
12747541
29188571
9237406
20057958
25349922
25022270
29072628
10662483
8328403
33090335
22684468
11238984
28010046
26091648
7765729
29907303
33310539
31526343
29454063
28482494
24996563
11991185
20173634
31050070
17045194
24905339
33007905
32693642
24360467
31177312
20957354
20687181
2492478
29473650
22642817
32707312
15928849
33999044
32562972
31541330
30037522
29506887
22115611
33916823
32215399
28434263
18207731
33949147
33639226
30314318
30247125
28711296
26589509
26198881
24285924
22867939
16259692
34280728
28693950
9192471
11701499
14966663
31671676
25727733
23856320
28160725
26854969
23981264
22981028
32423186
30455023
30201322
29807264
29490190
28985995
22829203
19675646
18578642
9226574
12180102
21360153
15357999
15354554
11249736
20180764
22817702
24783772
17196287
11874253
30430579
32111065
21603987
17665332
12948629
16870286
30255754
24441473
19957019
3153180
31862396
29444757
28390929
21718178
17578090
25046365
16868128
16439654
22070763
20662378
27632432
24077723
31678847
31367789
27423326
26762021
25677200
25633258
22215276
19851745
18675483
17292104
28716187
24918452
22366555
15599518
20545291
12421866
10989831
21147699
30503580
31834440
33453519
33370092
28314664
28181062
19357025
19303933
12728296
34009551
7495969
22442388
25305532
27575335
29709374
33831633
31855696
31220385
28672208
24158750
11732959
31359707
27607553
26758294
17073779
20199124
9760222
2129316
28768956
21686186
11991180
33421831
32889176
31240855
28218353
25771444
18409602
20222866
16483761
19853058
3319090
29178199
28267874
24297494
22370783
21669370
19958285
18191255
19337409
32178548
22577974
31951164
25046344
26874260
23586997
8959378
25402849
17216461
9206014
32012298
26891469
23210371
17716144
17292107
16457638
8069933
15553778
23436787
18582974
3068350
7764640
15507868
17522817
31823205
31524346
27872962
27578596
26174567
23913354
23126632
18327555
33862393
33383551
30404638
29688641
28391363
27362445
24345906
21251973
17554047
16218848
28585445
21318632
14650177
21267480
20853106
11849941
1369243
32721523
31202544
23892981
17498907
8069935
17874175
33743275
31491619
30727873
30696377
30572277
22934672
10961917
31677645
2178781
3043699
33301982
33189359
32912045
31525683
30394021
30139558
26840618
24293277
20601863
25261851
15525545
12071230
24979403
32054338
10553215
1724751
28337836
25438791
20070440
18207385
8424883
33053396
30240152
25733011
24211472
32800878
25307026
31922549
24677744
26657051
15562870
33998218
29111164
27337222
26170663
25673988
24523280
19756975
7859154
29630078
18486466
17433686
17056247
19829054
30421107
24166430
2200816
25913005
7764499
33974797
33403376
32864899
32543396
32306497
32050989
25258527
23429097
33516379
32886487
28912079
33652189
10866207
25569512
20478422
29248681
30179124
10335397
9003692
19198571
25432672
32209099
31433526
30644280
28087380
19188887
25421646
31254000
2047974
29707740
32485108
34038115
9503596
9335045
24963701
9013649
20198911
33010203
30642642
32486292
24510137
25168414
3308393
28887634
23893324
30259101
31101942
32567619
9612802
2291439
28672170
25681157
23910542
11587766
12934933
33320631
33310328
32246977
28816307
27137110
27136153
23673149
17132801
34274583
2546084
19618179
24198201
18326543
16489530
19557794
20014100
34227639
34087646
33207257
33157464
32374479
31926793
31202712
30394119
27750460
26446428
21706235
20799372
17243241
8069936
33081818
32930615
30301185
31297982
11584297
34198179
33965797
33370576
33121817
29363798
29232897
26762037
25919479
23962176
22214503
20423252
20107256
34313266
12405533
22769586
29343191
11729753
31415768
34134429
27772718
10209145
27397844
28941346
21279557
17470916
11361077
24265030
21698532
15831377
12930095
9704098
31698156
11699645
16252322
21212961
29453252
9477551
29049900
20411118
3066789
23897676
15128191
28399663
10866211
18396034
17318534
33401373
30234291
30213541
29398288
24870142
15055878
22013138
15371010
27994207
25118136
29872886
33628745
33692518
21922493
16901674
33460277
29239859
28446056
28110543
27048378
26724870
24788488
22099717
20826478
20116448
19643154
17976022
17716143
17706548
17390307
16399592
27207225
29869105
29139568
28453916
28434891
28296286
27055935
25271434
24467481
23926431
17960950
30940138
24768687
19137101
20693207
34067985
33455214
30706776
26305858
20439158
12905803
32442132
30397768
31631528
33962280
33038361
32814093
32113833
31723068
31349180
31025282
30843328
29937050
29510650
29237136
28917821
25303013
24632177
21938326
21764417
16711662
9704087
30179048
16441174
23644748
25706640
12142144
7829578
24407451
26742061
7656121
31736072
32608425
27382793
24438663
21929458
21102465
17716160
29209795
33357876
29925257
21698536
21110831
20924674
19548871
19239923
15973532
26585268
21683779
30014168
31168795
20700774
16441181
12747564
25868751
23924159
29038380
27382787
26846164
24759113
18031652
15007900
27382786
16231042
24502796
33710358
27288924
32978269
31169429
27185508
27049841
24277693
24266368
21678012
20658228
20199383
20044004
20025468
17118484
17081666
16965130
15242299
32651598
24452968
17387469
33609842
33577127
33129070
32367687
31840722
30991085
30126500
25487641
21974749
21461437
20528455
21898921
3043704
29019181
9889141
9351285
23949286
20920855
12882268
27117291
19593556
33929594
33578118
33461650
33346646
33191837
32120141
29789349
27528780
25875375
20149719
19634871
15022487
27449486
21556437
33341713
32996922
32858072
32578544
32166983
31529649
31419673
31375880
30030049
29729378
29626549
25158932
24480270
17691353
17009696
16512676
12437318
34323029
25678787
23318834
11102798
11807166
12908744
24189093
25721271
7778895
24839602
31502829
28930617
19699288
18511918
17220596
23436780
17631187
12180104
9744113
18072220
11092126
10997279
24182320
12726858
25997688
28272377
24937251
10796987
12732319
33926061
26847670
23578466
29362972
7730195
28866817
9044344
9548767
9369030
9351284
12908549
23808751
11999294
15120046
12759810
33645147
33486023
32806367
32130759
31201837
29597030
29501273
29308734
29155026
28958888
26472521
26264836
24861362
23827782
22493801
22224862
20104596
19751972
18406612
16722056
30871798
17333169
17353124
8818289
2047980
3043700
11758883
16219510
26754672
24712518
27438862
17216458
16887370
17875338
9224572
15969027
11058785
15813800
22997772
22724448
16910351
12722588
21811383
28472688
16088349
10500843
16951740
22958755
33621928
33316511
32699734
31763784
28822343
28555353
27870239
27382738
27376685
23881282
22721681
22302077
21327472
20462878
20386434
16673675
29564526
9783170
16257545
23490810
22687473
18187317
20456053
30293194
33915434
33476937
33138351
32734720
32552537
30775795
30149910
29406263
28956404
28918346
26785724
26407671
26305189
25905922
25645958
23277079
23108862
20695369
29883094
25156867
24055818
33559467
33461083
32932158
32538405
32506043
31902639
31436864
31226397
30221824
30017364
29500063
28182469
27834398
27328309
26658638
25544012
25531176
22921595
22890343
22415415
20871642
17716134
16968176
10857224
9206013
29032653
18167436
23477832
29660672
10557163
24898413
20673007
23691495
20471466
19500548
24261977
17357829
20673013
11260461
9206015
10704473
25411412
23579473
15803106
22619510
28185031
12764555
7764645
27450103
26403818
22715160
18095853
31848635
28750202
16179781
12647993
2698196
30666424
16395543
11146098
10967219
29772563
31870618
33011258
26701310
1368149
32086594
8939622
1369089
27716327
27524474
21544655
18855152
29808327
29359657
8948110
33427676
32866339
32351045
32250035
26895542
24507873
23607309
23533092
21629920
21387081
19713620
17262209
10335381
2191426
29550399
18993008
16110896
29283221
27869658
24234913
22878482
21947761
20939770
18373425
31847454
14662398
11102283
26761593
25692948
24157215
16828277
12930094
24679256
21431349
29073521
23529399
19697019
19294839
28574287
23441879
25865951
20685387
16438682
27480794
24343102
19651166
17518671
17113677
16217647
25723373
23650477
21706342
8460575
11763504
23531528
34040369
23403067
20934475
30172106
32225690
25604164
21182426
19331540
17976023
17716146
15296928
27144478
33781889
33773269
33053397
31394820
29894294
28954655
23153103
21491211
16340957
34303105
25394540
29359650
18035608
1913845
27573503
23934795
20665641
28209247
16321039
26358782
29468428
26384658
7765542
33667979
33422959
33307365
31677492
31456339
31317494
30457046
28398013
28271518
27881063
26598694
22484464
21844918
21553588
19096767
11755739
7612213
7883084
19461664
21561569
20700782
21123044
26795876
34091220
34007178
33690103
33582539
33305765
32980437
32615543
31983580
31088458
30819548
30796502
30305338
30160812
26052876
25922976
24723986
23332379
22705676
14580575
11858424
16231045
10851161
16455415
8785435
24120288
21942647
15005138
32907412
32325454
18977428
11036691
25756494
29278303
24738708
25946551
23529766
20673009
16862409
12904231
20192737
12142139
9118231
7764642
18778112
7764187
7763913
21173981
18161496
31766535
19430776
17055770
30063553
25692949
19514862
18095187
2060130
25707981
18990939
7765931
18392617
12449152
8194578
1842853
17292052
21698535
21514140
29907307
29344754
23955470
12743753
27115756
24909308
21592771
17714628
9720245
26666276
12744074
12532285
31018703
30302547
16402664
18559314
18095849
33865159
33074416
32968940
32510449
31397992
30350736
28551509
27072789
27040151
26873093
24985771
24833136
23763760
23592308
23558037
21215327
19447068
19031060
16826804
12549119
29679102
28987914
31556225
24035899
32615371
32396827
18666487
30870755
27250562
21249368
32143078
10968625
11058788
28579363
26526199
9353234
33819906
33600163
33582603
33091802
32570070
32198327
31902637
31784254
31342629
30952535
29982927
28954652
28198106
26400655
24657577
22712398
22306428
22256091
21824287
21560759
19815249
18178308
11285849
34160488
11774001
24552204
23240752
22350065
27474890
2047976
28044271
29366937
22350258
25636485
11974624
2081790
31925483
30170915
34091341
33511775
32452509
32270205
31279729
31250752
31212257
31100303
30062803
28893499
28870855
28736143
27988003
26222802
22541338
19619358
34027535
11766534
1478360
30054757
1367813
34050613
33900074
33813164
33250333
32602987
32563945
32467570
31508892
31505963
31476422
31318926
31064960
30465669
29019032
28987985
29616785
25720148
25698443
25212698
24730448
24182715
23286214
20030892
18598890
16390512
10851154
10383866
24699809
31720774
30287253
29739247
16231053
7765545
31845725
29309812
32011108
1369134
11686045
32517243
32413614
25733557
12625781
25641390
32619166
27365166
18948744
19194030
30664968
1369402
1368442
19896826
32836073
31162494
28498495
28053525
27872960
27489455
25893480
23072719
22365842
21576116
21385130
15718630
12480349
27444433
2202519
24432654
7662306
15553874
12171658
33076366
32369437
27775594
27628339
26066288
25631289
18246579
14504654
11301037
27514665
29450963
10361073
29631017
30291779
24672798
31467887
32214038
31784253
31663198
31642846
31170428
31064947
30967074
30277631
30017367
29883013
29311466
29157022
28916495
28899679
28825397
27529369
26589510
26286064
24293997
24155241
22580190
22389111
18259176
17723879
15143571
12707798
12055455
11684773
22385163
32266791
31805539
31695806
31000204
30007320
29076283
27832296
27480318
26135645
25895874
22015921
21992178
20955146
19540359
18820080
18037723
17826105
17563891
17390371
17292143
11783843
14966664
20099999
30866536
16979315
16325751
31466641
28155810
26912077
21420291
18682694
21170713
17216457
31350037
31238281
31033203
30652578
29713164
26606949
26398770
25321169
21822901
20485473
20075759
18708710
18019126
17518669
15847198
15527668
23142545
12008968
31861140
27875965
19216713
33825095
33543927
31902635
31788989
31787669
31584368
31260712
31258068
29947781
28954654
26259002
24952177
20856270
20846662
20226220
12148273
32321408
32319507
20866097
30528726
30324880
29903640
29525074
29450862
28637479
25336064
24216058
22994289
22133119
22088095
20629620
20139796
18318654
16639314
33783151
11681636
8694490
28232288
20181422
17511635
19152489
30298388
18053704
33801007
33486234
33207512
32628122
32536456
31749163
31595709
30390536
30292237
29450915
28865804
28539483
28338285
25728067
24265112
24022691
23878927
23639263
22130549
19564057
19343306
17920276
26389876
17061488
32418663
33377349
33285324
32726396
32718511
31918228
31419450
31333102
31328844
31037978
30968269
29400086
29248686
28388393
28005298
27770861
26682453
25293513
24451343
21545096
19193186
17489042
17235332
33322484
29890662
25171208
21114594
17185529
23017449
10600687
22652839
24200679
11185414
21218628
29477756
26875776
11768811
17727659
24666119
16756481
17457725
18069317
16566088
8527833
1368935
23527566
31989479
24090245
26594785
7765750
25300546
24743983
10679341
18040152
30795778
25447858
24679258
23557642
16472133
10553216
34015400
33834665
32980543
32862059
31020934
29328807
26117795
23013408
22608936
21428688
34068529
25559098
30798805
9704099
10735060
14871668
19197793
7654407
23586994
10941782
30109398
29086509
33346029
7765059
19589993
24941739
9206008
31210053
20149631
18187318
10464789
33757679
32721343
31863145
31677240
31566896
30084044
29717821
27422808
27333329
26677322
24668724
24173139
23279380
22871276
22416599
22432626
20417313
18378605
17707145
15031945
14980096
7826026
33890829
12690956
32076773
24679259
17583210
10499255
33975433
33964770
33858757
33609927
33519198
33350826
33348487
33225633
32056517
31763965
31696664
31558341
30205721
30066474
29770813
29660730
29017812
28535986
26678092
25196070
25048389
22109657
19729092
34296631
24494700
23571013
23339745
30214204
33798666
33126199
32911109
32667701
31986383
30245197
29548641
29491205
27744278
26255769
26117794
25677105
24740959
24661858
24494702
24341442
22917779
22437811
21809125
20648280
19958232
15382638
15242295
8172694
17716209
10553218
7763722
8527841
32871378
29380568
31515599
23182531
1368934
30299471
24460888
1367663
31398877
31284851
30071232
27318010
11763502
19201460
34204564
18430539
18467260
11526910
28854711
20953417
33051019
21170715
17543411
11526909
11968850
28238638
30685131
1952931
31478059
22093221
11895627
24940661
29793315
1368933
33151594
33079451
32911013
32485576
32470527
31482494
31273471
29027444
28696452
28628172
26597928
25687476
25465616
24048207
23877580
21660565
18611037
17454354
10415579
32130435
22819644
25219864
10077953
9011495
12371145
31067655
22979959
10209138
9608516
8785440
26739421
16028495
10856926
29804138
22516134
15939354
26707808
19245408
33625411
33033931
32387548
31639885
30333239
29378233
27620098
25945842
25937289
23210789
22129551
20049826
17026579
32531318
28062973
19578847
26189782
9383559
8336675
12353358
22426719
30821919
16198103
23968355
9889143
25239192
20734921
23297358
28983758
10441450
34126683
33308930
32468457
31022434
30967073
30488906
30133027
29524464
29520991
29198024
29025988
28882077
28435061
28093980
27527397
27151454
26345988
23517188
20930357
19954162
18434141
16933632
7764006
3043695
27780080
10335365
34153588
33794428
33232853
33129085
32721347
31576771
31559690
30972944
30218694
30205339
29678481
28919476
27381524
24749453
24443410
18572516
10831923
8720727
16513616
21415883
22426709
27102927
25503318
12690960
1915774
25614881
22827174
12678884
32168971
3077606
30350921
16521572
31660814
25566511
21254975
18385995
12917805
27859448
19754531
27620945
12665692
32032637
9778794
30797095
32854560
28452767
26329669
21948485
16006085
11249646
12126267
22588501
18174877
12934924
22385361
11249741
7763720
19763564
7763458
34090165
33668225
33666625
33257063
33066795
32602416
32215407
31603056
30883823
29278015
29129652
25994856
24625039
23688067
22721683
22704186
22028591
20512812
19696514
17240132
16701199
15688518
15209352
11755740
11457644
2701491
7765801
11925373
8952422
29719868
27227549
21829340
9013652
20452420
15935510
14573364
12664139
11999324
27057273
31653064
30605774
28341679
26777293
34264123
33652136
33491876
33007580
32941792
32803846
28271478
27800665
26435455
26152122
25270292
24530635
24354814
24339356
22820528
22024604
21772235
21558760
20933573
20037734
19835567
11797680
20673008
26928505
23463360
16430132
10546636
10906948
11831472
10461183
30717739
22895890
21964640
33601065
33360925
29102326
28926225
28851128
28633590
28481000
26539629
26482946
25936377
24246361
21565714
21560766
17556095
15718664
15711940
24166442
22160899
12734694
18508257
32971731
34089794
33463268
32681370
30740918
30258317
29983228
29425635
27620084
27595700
22749372
22093062
20820920
18640076
15250166
11730133
18515068
29721583
10222578
8564016
8939626
1368395
32371057
27072921
26108577
24444899
18539450
17057833
16845429
7829582
7764203
16445264
11234954
24595479
20149882
32326099
20685247
31705060
24564348
23183130
21385140
19689385
32415569
32219579
31125511
21830149
21791030
15493333
23885822
30793282
1368936
32574740
26657843
32112156
26601764
30586587
26303095
15768739
28870409
29196787
23541476
21400198
18481263
33129093
33091526
32361106
32255276
31373753
32627400
30308222
30228688
30082132
29627235
29113620
29017486
28428052
28403793
28141576
28077346
27996210
27302080
25980320
25245273
24819219
24402399
24204148
22933615
22544472
22257766
20799909
20589267
20226559
20126754
18672462
17556094
12650286
11602310
33470560
31765076
19938535
30290046
28615938
27382281
26789696
23627162
17671298
12658510
31576428
30109656
27406848
20153415
19129158
28780932
17716145
7763382
32390104
32255358
30201502
29344694
26524089
26119048
25537445
24352187
23948723
23219387
22057873
17716170
31218956
28084538
30915503
23541504
33122099
32996490
32456142
32162485
31810829
31795222
30949850
30763717
30352755
30195697
29865178
29785483
29659166
29303117
29290280
29172463
29048439
28140699
27459678
26669735
26109855
25430462
25267826
25209428
25098268
24723385
24339357
23604206
23517593
23432011
23110727
22306165
21631424
21242176
20728530
20420558
20049828
19877005
18781971
18775486
18514941
17870200
17009695
14561351
12832654
11193295
24622617
24352734
21261841
9704423
32165220
31743825
27872964
26527873
25633209
25333509
24309541
23932513
19467521
19158415
17107738
15981865
33078176
30947398
21796383
21769483
26516020
33839386
33061376
32018018
31994566
31810739
31754379
31495962
29148219
28982079
28760229
28178749
27524092
27435905
26663821
26474966
26179845
25652894
25252604
25143724
25109195
24552562
24444168
24121558
23920454
23770409
22310807
20648267
20463941
20208962
20041590
18550451
18038416
15354535
14997242
14533841
12118141
3068351
18060538
11935176
24432653
19393308
12753595
11272007
28284994
34262272
34082985
33710205
33662472
33463213
33236819
33064322
32648707
32378796
32147974
31828540
31778044
31580007
31048209
30559332
30214203
30084539
29171173
29104991
28801093
27577477
27238384
26901595
26694654
26504948
26451111
26126914
25957494
25703840
25697368
25233261
24341542
24264728
23827537
24940662
23272613
22760813
22226464
22173424
21695781
21419621
20728529
19876702
19435024
18632376
18592397
17479236
16023990
15971599
14982186
11381998
10905356
34271902
32691969
8785441
1369403
17936976
28418659
18956369
32433763
30411529
28223133
26677177
32303816
29428561
30449267
17205794
10463525
7883089
20409271
25960127
18214471
16430129
31395843
3043701
33803653
30610920
29882194
16508917
32249983
20948899
10851143
16893749
21172463
16240115
10851148
9760992
31739043
16077258
26845324
21557066
7763954
30978387
32159213
20582473
29754180
9621463
29175803
7764206
10916139
32526139
31392836
11509760
14669058
29030132
27885413
14766348
24019257
21218619
8785433
7764210
27783135
3289359
30700157
23860617
20384525
26116735
22343216
11238987
12499007
8639965
28651077
23294359
21910508
10361068
10066492
2669129
31653446
29299715
22069711
32034863
20023853
32164521
30811006
33783158
22562166
16613485
9251136
21141112
9890137
25446783
19566685
20388136
17957110
33447033
15685221
12141880
29873531
18296335
31785604
2514043
3324859
27866608
17359227
23494623
33603373
33422842
32254876
31840427
31432555
31011743
30851673
30707785
30423748
30306403
29738813
29636611
29472366
28954670
28881425
28292726
28254451
28237783
27940172
27188776
26748259
26630361
25195922
23968893
23682569
23453527
23247263
22633466
22285057
19938470
19603114
18295925
16055295
15803311
12081857
11910053
11134920
3064921
24319010
20702022
30227814
1502778
7764641
32523343
20860858
23915280
30133563
21362123
27909993
28410609
34069302
33248735
32971201
32802024
32597059
32424240
32363802
32297455
31987490
31755542
31746934
31229474
30781344
30450502
30274177
29577458
29332574
29295632
29109768
28671623
28460774
28078990
27998784
27430969
26877027
26868845
26337379
26061225
25645264
25406877
25385716
24734472
24227704
23941830
23811125
23531529
22844998
22520860
22437817
22286540
21431109
20645071
20474034
21415880
16596659
15939349
15833328
14982185
12658402
11730142
31215906
21035099
26425943
27593394
8939630
28345261
22445788
18534839
8556432
8306392
33719234
33243123
32683143
32112664
32105817
31424909
30030048
29890756
29116016
28920390
28914952
28570787
28552647
27678175
27273651
27045930
26551316
26354926
26245200
26027563
25405797
25335921
25102189
25064452
24874188
24592934
23713693
23432667
23080245
21950482
21717600
21594611
21568357
21458591
20563911
19595620
19054113
18648371
18193587
16282656
15230156
12802249
9675512
33301837
32723249
31290366
22393937
33759967
32865501
32710315
32329483
32227036
32084321
31785597
31754377
31584124
31566122
31362686
31085460
30951478
30658434
30656305
30577475
29775625
29748905
29022316
28989087
28952434
27145540
27084527
27033834
26873285
26675229
26092769
25992428
25598505
25476469
25025272
24594264
23816912
22626940
22403487
22268995
21780697
21097345
20381355
15742873
15533022
15288266
12386520
11730123
32319762
25735546
32772758
19728105
27146282
17761472
12126269
11738721
10546638
2531921
1588733
22129227
31440792
29131522
20545271
18366134
20545285
33774315
11467327
15290342
28648476
21419836
26928725
21483917
25764466
22794916
28892296
8879168
29970235
17380689
14623378
25935219
23135229
19706973
32567265
19275166
27333910
21924898
15703950
1552949
3043703
32270552
9206009
23296498
8856962
19925441
10546637
18777846
25722022
32681950
24361428
30884891
30939935
12803291
19481436
8085786
31505888
26619865
10851141
1367768
32074392
29438563
23287387
22911606
21774740
25819757
25902752
28590470
11310966
10546635
9821284
14643104
29498277
24679260
31713200
11956737
30945009
30588184
28783978
25964040
22407288
22228996
21861840
19716034
18393670
15762173
12747566
30429878
17070901
24182323
11790147
2178779
31948729
26003932
24768887
32931528
32391747
32133150
32000637
31956965
31779883
31560003
31241253
31158406
30953903
30773837
30678297
30636583
30615917
30584169
30007471
29737265
29582104
29546642
29318963
29179641
28570957
27635794
27222630
27045349
26796043
26447353
26252175
26193176
26027567
25992461
25579347
25367307
25174503
24161806
23863390
23837855
23092183
23013409
22728642
22726237
22517677
20388111
19888007
19397854
18287791
17884240
17553734
17057838
15638772
14603145
14580577
12862191
11684772
3073061
30605265
30238377
25638355
21995776
17716180
30850873
11809961
32788204
24272889
24097107
23151609
23029995
22101755
19409468
15704221
12323360
30796131
28160118
26952315
24611007
16283704
9103912
11693909
25573113
24662314
26703807
23473968
25372346
26514597
15578178
32436221
31166194
31123979
29897921
27048926
26806342
26118425
24170511
23175462
19331542
19076043
20572794
17368391
32772728
21218632
34027672
33991600
33775686
33251789
31833204
31531916
31429996
31036206
30848169
30708205
30543937
30446059
30291894
30213542
29778557
28872765
28777502
28687514
28530149
28294555
27730820
27620085
27398430
27312983
27116692
29873963
26675228
26511467
26278923
26109528
25974361
25109677
25010856
23845790
23832852
23571120
23474028
21171117
20922725
20662387
18690457
18500383
18187851
17855223
17244446
16995318
9536524
3079237
34089534
30071163
28521693
28443511
26807789
26003934
24809180
23880506
22541953
21042425
20217684
20045055
19341814
17976024
11533312
28362468
23745219
12679065
9161052
2701426
23684640
30353423
34115616
33463233
33260737
33259068
33153757
32567193
32446412
32408880
32268869
32167800
31688467
31642781
31010845
30701603
30527703
29968300
29729814
29625255
29487987
29372982
28954653
28901846
28865004
28150193
27826372
27818090
27620101
27038329
26930175
26888041
26731460
25690563
25215462
24745899
24574311
24372229
24180421
23582470
23423826
23026140
22472141
21930108
21569804
21560764
21275485
20948552
20391690
21395520
19447735
19318205
18725290
17826112
17716179
16094509
14744291
14550941
2660261
3153159
33776431
32881127
27699445
30407146
33781794
32899609
32743897
32619746
32473177
32017308
31846619
31754382
31525462
31490059
30828919
30305339
30058306
29995315
29693377
28705729
26848106
26111642
26021078
25992416
25677591
25596076
24978464
24666000
23688632
23575660
21502077
21487573
20932947
20852809
20049237
19576278
18690426
15497161
11204829
10415560
8187203
30927493
10612412
7763974
29079936
28352896
8501129
29913546
14529422
19609520
28258805
26448090
26122609
30052876
29155170
27020410
22267715
16417201
22551505
32348879
15831382
23478881
30478596
28695465
23920351
9784120
32088780
25204861
24588680
15877597
14586578
9704091
8460576
26199945
19490126
23522654
22114840
32308042
7829577
23875938
24120204
31814104
26493723
27377044
26359767
22596205
21932251
22890866
9821271
32345461
24736794
9413677
30386965
28472916
11282336
29687420
25058832
17727803
11778866
29200851
12765354
9114274
26620629
33233366
19896587
24970208
22395906
21182424
19218317
15614565
11208413
10546642
11414315
29608951
26791824
24309540
21720407
8936431
27790868
28716338
24019031
17522820
22516142
24113428
15753002
26971329
20206698
28085996
30414914
16289464
33582245
34142554
33095997
32924350
32270570
31462368
31168761
30868484
30828755
30559233
30496697
30484722
30097342
29637770
29614784
29476402
29355619
28895352
28583444
28439901
28162813
29022304
27080100
26846457
26027566
25652652
25597773
25158833
25125038
25068866
24729969
23996830
23794703
23520143
22405797
21766411
19500547
18781972
18642527
18206571
17684339
17656148
17216427
15157120
11541784
26008965
27028132
21334885
12882137
8936433
14643102
23754704
21247751
20004890
19458497
11257420
9351288
9013654
1369412
29602983
22670605
33949441
33732601
33616129
33325181
33217254
33037446
32597055
32254089
32188379
32129984
31793285
31672216
31148004
30889738
30786143
30126471
29463999
29056473
28696088
27784240
27251182
27125836
26924450
26874609
26721256
26561846
26264207
25266740
24594351
24027168
23072472
22852341
22820526
22488879
22231720
21933525
21710673
21465305
21325320
20433947
20201803
19460423
18588477
17955140
17350212
17312253
11499946
10673019
33973818
29940611
19530992
32546015
30370841
27197837
28692329
31102141
30446263
27053446
26861301
26503307
1283302
33992888
32882173
32547026
32097749
31939744
31933006
31414385
30928198
30889687
30884139
30877529
30485070
30465818
29861300
29253925
29095463
27010653
26930621
26926906
25224685
24274586
24105473
23823252
23578464
23347895
22729254
22725687
22310297
22042270
21883711
21675721
21341974
21062250
20926845
20388107
19670630
19601756
19064945
17518670
16464154
16308121
12951697
12783835
12113733
11730128
9891804
30536962
14759124
9829254
34082866
33637255
33401518
33032187
32352394
32196991
31731967
31713201
31361344
31318340
31131986
30797433
30747081
30009887
28665396
27401035
27013135
26242256
25992425
25450066
25314939
24411677
23990720
23459211
22797549
22770233
22761061
21560767
21419690
20935358
19844918
19824042
19552614
18228266
17826110
17689518
17111397
16643602
16150563
15255515
14534646
11540094
1368460
33298517
23228980
10198752
8564018
32185895
21418020
14965319
27714822
15595520
30306200
22616478
28233322
23783457
12440982
1367330
28044283
10546654
24182321
25957155
25444808
30128582
21745181
20422181
18321708
24566241
12878051
24864040
21327056
32019265
9711834
12940548
17933511
17875481
10553219
29528259
29713790
19308403
32897293
20673016
18752860
17702650
9821277
18563408
32346289
22804347
18019130
18461075
22379950
11764851
26194317
12517404
19680644
9013655
30513601
32333387
31982578
30500595
10855708
22849713
24659086
30715346
20673011
27063015
25708386
22252444
8659901
18636256
22527720
19088973
11341307
30377752
23606673
21548090
9496675
7765565
29697877
29651960
27287891
26119450
33513401
31628521
25882130
18956574
21639784
9206011
25540583
24773576
21762944
11030564
25777494
25386728
18514503
16207648
11249761
8693030
11131385
33945850
32125825
31981073
31888066
31754383
31652597
31518706
31441642
31285360
31063240
29458568
29193876
28662736
28544801
27909921
27892719
27693604
27423372
26601723
26380402
26027572
25335533
24996135
24850903
23694726
23388858
23057744
22951919
22503422
22117443
21560760
21351860
20738260
20647034
18542902
17520596
16402247
16268424
15112742
12783834
10383859
2092722
33705105
20807563
10906949
22616481
15158059
9206010
7883099
28724386
30734854
30252128
32900936
31512582
30856542
21608994
20954387
19146895
17719078
18502076
10441839
24166445
19426854
1782484
8784736
8328400
32606673
29884677
29606312
29357234
25867862
24461711
24152893
19331541
9821273
33670668
32397196
31834437
31509120
31246419
31183916
31064938
30933405
30471035
30372809
30362268
30282343
29845581
29688604
29551616
29268683
28954541
28780997
27686397
27686061
27620090
27370907
26861646
26710471
26409858
25772134
25423745
25410366
25196203
25092977
23959744
23920458
23867097
23627064
23613436
23592018
23361847
22608554
22089826
21991823
21793217
21256214
21181149
20210746
18289031
17914860
17067198
16556971
15800730
12751830
31244957
29880228
29880129
29509403
27871992
26963596
21714068
21277252
19655996
18019835
15762163
25472009
24599393
22162655
30570696
27004615
25287120
30231877
20091870
23827783
33892054
33848776
33417985
31859710
31756846
31550405
30903749
30153129
30126489
29705957
29595522
29438902
28398005
27709147
27550016
27262923
27236403
27107223
26800431
26095690
25174340
24627341
24595425
24389222
23880500
23761969
23106640
22133487
21661754
21495897
19860534
19496677
18483734
18461224
18383499
18316549
17920803
17018005
16774290
15114285
29107128
31026504
22568517
32821099
32589832
32215381
32101378
31903522
31779097
30702383
30476523
30247806
30061430
28985993
28961378
28916111
27378728
27100841
26451110
26359790
26316746
25683790
25160666
24109687
23467584
23249155
24236419
22818987
22561011
22418081
22202018
21566264
21042962
19913083
19739936
19581720
18672459
18192071
17716142
17070960
16700652
16364586
15895265
11344803
10715830
33306749
31091198
24166446
20233333
15177227
23092436
23414366
18367277
20920856
31194996
7765061
22654050
19409632
28290206
29530614
29761637
20461510
10547694
33074140
21117037
16115631
11322691
2198582
30678136
27418420
23697159
28301731
27955725
34044282
15995854
25620368
12690957
22138494
26777236
15256210
33092184
29385089
28371222
29066063
26581489
15468294
29029060
25535685
24870618
24350433
17668256
18080027
25686717
26978483
28869826
15630515
26164645
17462877
7859160
20210771
29034619
31720773
12690961
27371361
8460577
32060695
30898662
32349258
30296187
28920389
26387511
25908504
30078182
27787767
31866542
23632376
17696640
16321040
31185591
9821279
9248034
9206012
7859153
26369300
28725897
16773335
33010128
18524568
10739475
8785434
29388356
34059941
25231624
24033916
34019739
33946767
32848366
32331719
32300853
31687089
31075985
30908864
30185039
29490647
28927342
28892667
28379682
28229486
27883952
26883347
26848041
26711880
26208665
25992462
25637065
25109678
24977978
24724938
24564841
24168395
23521558
23461025
22634158
22471722
22116474
21088931
20172613
19670633
19521593
19187991
18924187
17078379
16607526
9183866
34269365
29281904
15003223
16723973
10449315
7765338
11996216
15719556
25616499
20545282
29980105
22503084
2670247
33774301
33668746
32949812
32352660
31958494
31576121
31351415
30843670
30779364
30628253
30468884
29759819
29395343
29130038
29073328
28347972
27666730
27071534
26979802
26829288
26229081
25706756
24414147
23862623
23796506
23748137
22999149
22826867
22765961
20226723
19839814
19466404
19402392
18037727
17978021
17964107
17009694
16616486
15523788
15350291
15157923
15025261
11224919
1369401
30527541
29340710
23642219
18055156
30451661
14978761
32597562
32444105
32239013
31393507
31358370
31088199
30553952
29803402
29782706
29645040
29357288
28167455
28025942
27979486
29856581
26049264
25151983
25116032
24462086
24270007
24106701
22846902
22389090
22325243
22097904
25426600
21466071
21424795
21239732
21151110
20653377