25366685
28913916
26027881
31512575
3089745
9180860
9339185
1322385
28362661
30087108
8855388
2662174
3308068
27810486
27378239
16557201
2203315
32603389
25001652
22834953
29629665
29544711
12771983
3528436
24433682
16012932
30872600
15284715
26280747
25899785
12719741
27490805
24011093
31478799
26485620
23429062
25091576
18465345
31170193
25639864
20661658
30941906
21667048
23098469
20859673
15605856
8983269
15923574
8498768
27805301
23978593
21620510
28847462
17925539
9928555
28785934
23696480
1292762
26347086
27492616
22105249
20582906
28150044
25169194
3142562
25418694
9058127
18309485
16200229
19863513
28164396
8573450
20423964
24316131
16944236
29398455
24715252
20442215
2207416
8230266
14681952
29846804
16148997
1681353
1710531
30306202
8133536
27364640
2940539
26403403
31925921
25008853
24098724
19356666
26311139
10774965
19549125
18853442
8911366
2823375
19887581
21444874
6279995
20945823
8573452
24387663
18172254
26176043
15069717
19004023
20424614
11154480
25282284
7771031
9342915
2762760
27232425
24015309
25886568
28368380
20104964
7544751
16368945
21762355
25593113
21553078
26260873
15728612
18408402
7512440
10977106
15812073
10482373
10475359
25675681
23484115
15692757
22260826
24992171
2404905
8971064
28202500
28365687
8055275
11189684
8420681
10679905
7497163
20551303
7800305
10440200
9138755
10674014
11079159
23346797
12234031
2873324
1597912
15767730
10223249
8360931
7717777
28102887
7752269
9280078
9645351
12216077
18758971
28495911
23132548
17352869
18596384
11795386
1851664
28865970
17696231
16944539
2246784
2072407
16434136
21246575
12649102
10615932
1886157
2516090
16721678
12856804
7596054
32871789
17244633
1873769
15492993
11552710
11843044
9199904
9488591
19289258
10573104
20669074
11282424
1997103
2563046
21086082
11161371
1854609
16500385
3046742
8951479
11129732
16228823
17533388
18798231
9625397
22592604
9301449
19945765
17317184
9315315
2203848
3790749
31332665
8040014
32484630
6734291
18513915
8387637
6350725
17935281
8118116
9530612
8292119
7536703
24645632
9691893
21047591
8899321
2858707
7959278
11600606
15062016
7665219
10405838
9829542
6388808
25782871
1651304
10829505
10440204
7641018
14751038
3536526
9673558
7488413
32386119
18784960
2566735
8036464
7488408
31170274
24574355
32758188
2687956
28080180
32772474
8942553
25040957
29274828
11717931
27275735
26317383
6426405
17043634
29150482
3009367
10098761
12928121
3884137
11170143
31125735
16484712
30984190
15567802
19884532
29251735
11249777
23348977
15989472
7645990
14519708
28652089
7667508
24469641
9427863
3882218
17487349
10097743
30706457
9797812
21870129
20521975
28417551
7523547
30232616
10995804
15568931
31520152
9703598
24037822
21289523
8687216
31479804
7046656
9891531
23601984
7991990
21304001
22715404
1642831
12637047
19926547
22697334
2283721
2180556
9237065
7676693
7995414
24583822
15643674
23757352
10226398
28798986
20828740
26214683
3060625
24065234
17244994
8018358
15718193
10697399
11726842
23609015
8976073
24886163
12365378
23564055
20605091
20150223
7721236
23649039
12516318
29767326
15883277
22584215
2696034
23736856
15726103
9245882
1921398
2201442
11783070
25434633
21863028
18665162
25900903
21193460
23623039
24512954
9670255
23025977
15242323
15212612
20348145
28264612
22797826
9059867
12567444
10203080
22329784
10921043
7689923
18760618
29869444
29461242
10632326
14746787
31568193
22804792
26875894
21696957
3297289
11058618
25578377
12772051
9413764
21880848
23278453
26514533
2856856
33507998
25756664
25163656
3918371
23807803
7532478
7015141
3309977
26355618
23197596
19882188
22750463
12655525
17331828
3524884
3663958
10623701
7639809
7527599
11980996
9338006
7857113
10475183
9212759
2990668
14759107
7579497
10518102
1700135
10679903
2644922
7193447
2230577
8156486
8018965
10097744
14598509
1463867
6322957
10396321
3829014
10922102
1842184
9789769
7596077
2286314
7869629
3297874
7538187
9221310
10570588
2758384
6388671
2689395
15842141
6180722
2378717
8431864
8037482
9569340
14619465
8547958
1333900
7545256
8532507
11115904
14587386
3071123
10859444
8756362
8708508
2098764
2713513
2700925
9554530
9382503
2653163
9752515
15957843
10375933
3780991
2405812
6392223
3521841
3896157
7590585
7569075
8197425
10966564
2199740
10072210
1491729
2652357
3289502
6580491
8688215
7531018
9627441
9368873
2439186
1543867
7864543
9255531
7933640
8952648
18294504
9700583
19041507
27764842
24000114
3311769
7742597
28456487
15140122
25582112
17579163
30554410
25849254
21847697
1302744
19609668
11972466
16681770
7013747
9695544
3567865
20571886
18709590
1334448
16897989
28259326
20068091
18254988
29851788
12464592
10868028
25355929
31487218
1732926
29972720
21606419
7990301
6342734
27221361
29438162
25733641
26287849
11084571
9062439
7478955
8722747
7009946
27221939
31765263
19018599
8978804
1496227
26554797
7988253
27697309
3027828
14598355
15985370
7495243
30563911
6362822
22987601
10390003
1913523
17020984
3290501
1972494
9862579
19138952
18334007
8081045
2029413
17418504
24002585
10322793
12539246
7516831
3006363
24394560
6362868
31612201
18222010
24214840
28376498
10510932
3064195
3435009
2207367
15240522
16675486
18262712
9354949
22075527
7917535
31599809
8831742
9238166
20470379
21114779
15630851
16896048
20177025
8276725
29497928
25033681
25258014
2885080
9781611
8813465
1316728
28408001
9298607
6242249
21534846
19959684
14519753
29895933
3121233
9298575
2553180
11032926
6314624
11063155
7474622
9244860
15038561
27942658
21030018
8019999
21638124
24244346
19773751
32703307
16293877
10721943
2660749
7515429
23892409
6345489
17123337
17937333
23026110
15857737
33328548
8004600
31445039
28912892
10404100
32535711
2035504
18493824
18413638
8718910
17000286
7835779
21864339
2039701
26514529
22236329
11489748
33556170
30592477
12878935
27496084
7570316
1991418
25488684
18799557
19765278
28468736
21813406
8645025
3895903
3411625
10642939
29511132
23446203
2950659
10926793
1562701
16882101
7751894
15913204
9396172
3719535
32404096
17514650
17311026
8505490
8542123
24146260
9435820
7989113
15281667
7745979
17725100
22233822
29373711
22494623
30445597
19637354
16180217
21076343
2823746
6761135
10861427
9925694
9306598
19339719
9210705
20237034
7808022
10353617
6380715
19341448
31510769
8540613
12060445
19214886
30979659
26193842
19953620
23283528
17066227
24710083
9745067
26427805
9273185
24939867
9879296
27129592
26860637
19478638
17893906
25375359
31588660
6365194
2426071
24332356
25963880
9138968
23065684
22901155
1458567
17483245
8261860
21601352
14527904
7919729
22902761
21509444
19697326
14747959
28029308
24225972
16132323
27273602
30445189
8291866
2649000
7776559
12051085
2701817
20118030
1394819
21894049
27203445
27142184
7889044
8940694
28306215
9380828
25651971
29156299
10421262
8635129
23679307
17513096
11004674
30415483
24045241
7996711
17681062
8583584
15902631
7526001
29462482
12717068
25202113
14529975
22246426
1371233
11440782
23811982
16546642
2991708
19644973
16880023
20051371
6134981
32023526
27323348
7736395
26724474
1574257
29381586
3891068
9709276
2117891
16364999
26650571
30399442
11943793
1802209
1646127
8854792
23066035
15893416
18649131
2674073
2625184
9731734
9747868
9181930
11398172
11011299
3885626
28623448
11418311
17132769
10436240
2264353
23021996
10586830
11199240
9523354
20361335
30196106
10874063
16615150
9404206
16515992
19114687
7802732
29528260
17290443
9698469
9002255
15447015
12114878
12692102
7944458
15781758
11269480
3006435
9649009
22526165
12749718
26264446
8482629
23297315
19744744
19330034
31911122
8068483
11032592
1546398
20473913
3020725
28982581
19062728
18936478
22299055
11778284
32186413
22721757
18723609
17931949
7790323
8270458
9341895
16987678
11520524
8952651
6478435
1580300
10563743
15495877
2649707
7034332
28774331
23213100
8813149
19158208
27268633
11720460
10687982
3313693
11557899
1903663
32036004
31537697
8418238
17449193
7549760
32447657
10705010
30344136
27283862
9396396
27193130
8561420
2683964
31264287
27357628
8776961
25814443
28766211
10945496
10749603
9296767
23194032
21689323
17035408
9649265
16791814
17010732
24935202
19564523
9675952
14567436
16721690
7094779
22825505
2202902
27958349
10427139
7569105
3881872
21698411
21665553
16202886
17199856
29174927
14519752
24519100
27885512
16619524
25462577
6388673
22147941
12610177
23243299
1872624
9839589
18723240
19582880
8123238
1548922
6375224
7960541
9491671
15164709
8539105
10601064
16435254
10217079
6204738
16133801
18661187
27997526
1342062
31260833
27050599
21529377
27197177
26595151
19351303
8622072
25678361
23364673
14642554
11416115
32122951
7531021
30027269
31242196
18390022
18023851
1912675
12846417
20197762
12679396
17172400
26107226
11342919
31901440
6819279
26698027
21034503
16229059
15726519
19470769
31839281
8635066
25800066
15889559
15553672
14768757
15049176
11398881
8145701
17437021
24062397
19179556
12424329
32692450
15312263
22241290
15484347
18348296
29773661
10093040
7991985
23780843
29066505
21295880
22290724
27809870
26949913
10222351
9170521
26374464
18774597
22107011
1736831
2660719
9853345
18180460
10488714
18521923
29669936
16983506
8961990
22537368
19669700
25199754
8360932
29797144
26175541
3519988
18612130
22357699
26359536
28279782
26535993
23404627
26490026
10576660
30368038
19213668
8607237
7937908
3083785
11574774
24407989
1702010
11275992
21495791
28448389
6378354
24704993
16615420
1558398
9792978
32878811
3909903
14983952
32484754
15550589
27810483
17557560
15045522
3907687
20585876
29912274
21527582
19757194
16226044
7886412
26525720
2433019
1314071
26888486
2829323
22533676
16117898
26615375
8483559
30659553
10356660
23470466
7510276
28628916
24559784
12457336
32760993
31825182
26095467
25589624
25873142
25381700
16332474
24699863
10499619
25239345
21653691
15777382
24613816
19846468
19424581
9616321
16488055
7960986
22178570
10202166
14690002
1666296
15573349
30393375
21895025
21751295
14649285
23162860
10215447
28705205
27049526
23441611
7544843
26208579
12964787
15053299
26250354
24276777
18291017
25395145
28000774
23893089
6386502
10526065
22658128
33023785
22129564
20332318
17402204
3304611
7666087
10771269
23810788
28159005
24119279
10560381
18258715
9218740
28898131
7713766
7538084
12908785
10365109
7853548
18408401
7911006
9658759
11171433
24826396
21309914
1487405
22772403
23216897
28471726
29199652
15342804
2694155
7694331
15325668
9234259
22434779
12885809
25593303
11291548
31420468
14651365
23521575
15959779
3059383
7945080
2020773
30383888
17351024
17556697
26040606
6339044
1887157
7611200
6395824
31522863
11683751
25020206
20123872
11340633
16777318
21375515
25573533
7059922
22848350
12798718
30473256
7850558
27044367
23808800
10433040
2854781
11965274
7031600
29272753
27384749
17392300
15998890
8137333
25621411
20438312
19555390
11753990
26547101
3091243
1447034
22890830
25123333
9436283
2185340
11889078
27041002
14964925
9060957
22170313
9374231
8185340
15767180
20697941
6392675
29362244
25640884
10831341
16253685
1899746
25944802
14990808
7973038
9301696
7595736
25699397
17650216
22715397
28864978
2193166
31876106
25110336
26860879
12559863
32704077
31595954
18344007
24839918
29962060
24247597
20131015
19062723
17255273
16613662
19136105
25249256
19244039
10379852
15111345
9134237
9412796
27294430
20101166
11569779
22248508
22901142
28645260
16391436
17597402
19018813
27539254
19592546
9455793
17524403
10950151
24585506
7812704
31345267
14574513
9745257
7956578
23315596
10982614
1917610
2031099
11554626
19535242
28224238
9792903
14701770
19404219
11802206
14997189
3117400
3910733
32055930
2654441
19884548
12893080
2160727
23474348
20332133
6633596
10487544
27016222
20853062
11848544
24012110
12199628
27811012
19357536
7557616
28498256
17551011
7561328
9276702
29527009
25555448
2693025
18544744
25148839
15782095
12673163
12738306
8083110
26437647
24558423
22688670
22131053
29029886
7488893
27165240
7956573
24798046
15041107
20876317
2017793
9673757
16903330
28182730
27411369
23358929
19773672
27686943
2512366
10357416
19647250
23465176
19709346
3144615
17330846
6085038
10216468
28738939
11283128
27908594
19181369
29030001
21107849
9245197
26376042
21412168
16885375
6816316
27306792
30046933
20803419
3002577
10912579
16446029
12850770
6431142
21527577
12172244
19910425
8978582
26244637
7492378
24860156
10752681
9552756
23542956
11391140
19826172
8949757
33203399
15728616
30042065
23013731
19066368
8621295
27635065
22847809
12031879
14691121
2694163
23206440
11603877
11232946
30411540
10334534
26447153
14750888
9273190
32179181
3367172
2692990
21300761
7039865
9427264
26216729
16388507
8417381
2655874
22353804
15688822
15163773
22511036
27569432
8780553
15249451
2690264
10601381
27497829
23589026
29206673
12116340
18097780
23047792
29059635
1741710
24448917
25668612
9383346
32632515
32437093
27146764
1843106
22781391
30683710
7515729
21365326
9701205
12888371
19711347
9338732
9839522
15123465
8082098
8740786
10855852
23159393
7549753
8137271
8078449
2207368
11282425
7587902
29540198
17111332
17329063
22768300
22108194
25239610
8553212
32879881
26637161
28052310
8911513
2481669
1617601
22492225
26277668
30018119
10584878
11113440
18504096
25743789
9679577
1606541
22484799
16905387
9653497
28802766
28173773
16701093
9488131
15020662
14999538
24084441
30318516
11872029
26913923
14767287
23568405
21840117
10897211
25087084
30350259
10439166
3242386
11066051
1635120
23359434
15291878
3049457
17968163
8931744
19282241
10631461
23523089
6424580
28679776
3909865
25024180
23085225
11454891
9553909
30221400
28407247
20406929
10087117
11862212
26095256
29771337
8042266
14733999
27010512
23400787
19637345
21733143
23357971
7974798
19880433
6091505
32962660
15800713
15756419
18297281
28514205
16756147
9749086
30128737
20336387
10326848
10661337
15534920
8270436
18296425
15285751
28332990
14735184
30033035
21358087
3291008
1731846
9446336
9702400
18030518
18187011
20850152
17947731
25221860
17406798
28929359
8090376
21552099
8438086
11489752
32503056
14983955
10656375
17078057
10649262
19615264
12074406
1910623
31408414
25292090
28437147
2015204
17705242
24505359
19190075
14998677
3903707
8180024
2105833
33662273
15909494
3281030
2581264
8609071
10594199
31347304
22575719
33048619
18083572
31919132
12445377
17624412
9142381
28623324
29095681
18543381
10489948
7515730
32827607
24452673
7685697
8915314
25124688
19956159
16887321
9644319
16515974
32771983
30463745
7597427
10501752
25999212
19001330
23045537
19922989
17768662
3729461
3297291
20177029
21398619
22674222
24377620
25045781
31096934
24287077
31603996
15217581
32163662
20187094
10896999
10749254
1559055
31728894
31136371
22697333
27856630
9883785
12907892
11696629
2426069
28235549
22494589
31813636
29952503
28835218
31858816
10854144
28121948
24755313
28557676
12960183
22736392
24917520
25605133
2232806
26239307
23078230
17998631
30016177
31829481
8993770
21439044
15785747
16613306
8040016
27789026
1730124
1643987
32169887
27609756
11236537
24877167
21855114
10228816
10714015
30453906
19066370
24393391
30943735
12173022
30395903
11714106
12243504
30826763
16062073
23079721
1700039
10091778
15475441
1574768
28899363
31736232
17265529
14999111
17495487
15998891
17721103
1622643
29734047
12692113
30019318
7692657
25952998
14973099
23991960
31500595
19896571
8761371
27810132
23880960
21136235
7611737
27604973
29867227
11295350
7852181
23603372
16184382
25591616
3022852
3972657
22731825
8712743
31822399
26187616
1869009
17301071
8049639
23222500
25521772
6274503
11791123
27613527
26554651
21610519
31924717
7842404
26795033
20891045
22176032
17375977
24569464
28222072
15138467
9259962
22311543
32473959
31221620
24175975
32459377
21517235
9602268
23159367
19800180
31273507
31557561
1622645
23558459
1938489
1932838
6757756
1494071
15569986
8422174
23993734
33356529
31035808
28815271
30557521
25534014
17762433
28245151
12132048
23795311
19597825
11299816
8262822
14983953
32179446
32090502
1661218
19368145
7944452
7790315
21658935
22901222
20709992
9315064
3034795
31326951
17253179
17854661
11082723
16012310
18853749
22152693
11699897
21295300
18291614
17293601
29685002
2191769
28109627
7557599
9553167
6362821
30244294
15824145
16101182
8080744
3219974
17337398
2224787
27997703
10400036
21115882
12678521
24370118
32200511
3524501
25106087
1710631
15924665
25391263
2186383
3134859
8201382
8334621
22125185
11783029
27029746
7704057
7729739
23907996
25588117
9552055
9337682
10037373
17121894
28283779
1803175
31953314
10655718
9454908
23435568
28816169
2877140
27075913
31786279
12860943
31855231
21161652
19690866
28796729
31484955
27112319
10969815
23910712
22286927
21890225
10520210
26723110
9446350
10414735
24694993
23443801
1846774
15671360
8083102
19940005
28125617
31352906
7988248
23989945
8915214
25765876
29500582
23475594
11891039
28102437
18423745
22085427
26994014
8546913
10102347
21539455
25521911
10679885
8443763
9432788
8494702
8680081
18929510
14692930
23903626
22113254
2268124
14602495
18682881
9515799
19843674
20662793
6366679
7920741
16154219
29236995
6362826
15226772
16828852
21640520
6337699
2314446
25211659
9508182
3539898
17459388
27762331
26578731
17940809
22706884
28236769
23392978
24799334
23594935
15010829
27634780
8523049
8507540
25024441
23452670
15947595
31738406
12857652
19227435
10439171
8229130
2185342
22911637
14762881
23320901
28110564
33825509
2512001
26138736
16864164
27243238
8583185
16813878
15448032
2122909
26859298
25287821
26536061
16062072
29479988
23777741
17453361
10857181
19641928
7531023
20730547
31543516
27275582
23489892
1488654
29566728
20714910
10606280
10210547
12039923
3097846
7637824
9494422
10674444
28209483
27322859
9367069
18990744
12925348
17057389
12271408
25708760
34044840
7869632
29663379
22409262
25178941
12901281
9547669
1363891
31874108
9103292
19267100
25372595
15501967
33027815
8677916
23987516
20593944
2178765
22037881
18608591
3327881
24244279
11171827
15708244
2856949
2154958
27725249
21199800
22469706
15685830
10344223
26028255
14993032
22245973
1851890
28365644
24445485
29439278
9815640
30518633
7600552
14569846
10881692
23377373
7475821
11848541
8815621
2650465
9793958
28869198
20104985
9525294
14597443
12548039
8540115
26313461
1599804
17401004
3884133
28705168
25487708
1541877
23361892
10458211
11241922
28080169
27342831
11147630
23948151
18692358
9020555
11481387
29526341
3516955
31242976
7032568
3018649
18188711
12231515
17192685
1847239
9812410
10396320
7033543
28109543
7596933
8013155
21282548
15943985
21051986
2012400
20603855
2195237
29757459
7563350
12394560
8688226
3925863
25474250
17312305
25743829
23527241
20853058
19116389
30885505
2407227
25333308
17909805
30626288
22236342
12722678
28779963
32989226
8087777
21227021
15906363
25997687
14522349
11669587
12721260
7647575
31483662
14635236
19236805
17961161
32130814
9137791
24009161
20060711
15534904
16967785
6793853
27238000
27864255
27464910
19377716
26065721
7655147
19900577
18618081
25607840
28041600
10209407
17426206
26461003
23715565
16530338
24244294
12101110
21475778
26857646
22042368
15014030
9671904
11953015
7037180
7697604
8150601
25173583
2069853
29741566
32188704
7497145
24754529
31399932
8942125
25248371
24643204
1393487
19800456
26597879
14701767
2058066
2231061
22727547
23504144
31447303
1394809
19701908
22201656
28721881
26455862
11395237
8173194
3528045
30580905
18728281
27762648
15927054
19567505
25921216
12651203
7894183
7992713
30672098
19346814
29237802
16427212
9815667
1983680
33170321
6799189
21359690
11283121
8914681
20481215
24469852
26230972
31309588
31733657
1632690
23545284
7917371
2154316
28071617
2403415
21421462
25833230
24882673
22472463
12243915
33867481
8683875
25263332
7757355
7119652
10955784
28502083
1503488
8439984
32258125
26847057
6512581
1444488
9919864
28786105
12182039
29565716
26028668
6275468
21472495
9005424
14508838
26881508
12805326
26458923
26393396
24568479
28254865
6171574
25257804
27265347
28698186
21971103
24652201
7579564
1605665
1557237
10077715
20948436
9568172
26506863
9440759
31247017
2068554
15331919
25042700
24671434
18815880
1525400
23733549
28986743
15386790
10897212
33585991
30408282
23452710
19309495
28351354
20230994
15907554
8049638
14722144
6841130
9918206
9801015
32557577
20349353
12843219
9815920
8438978
29663363
9784314
29578592
8586381
29607324
31088304
1887543
9670259
19351830
28632915
20432351
18187484
31785169
26396172
15925816
16551764
22395999
26488693
12794246
19124223
7037078
2889522
15266414
10703945
22851064
7541111
22156981
24386492
8638538
31774713
33206192
29779672
22998901
29446253
12377957
26611425
15616205
11129765
25730593
24295662
15103755
23638986
8270441
31001740
9020280
11008278
31815889
2198311
3551845
7474409
31129760
11676980
22848381
8731792
17591472
12469161
11413116
32506369
9587124
17309176
3276389
21962744
25650364
22473107
16691580
7892744
25463045
21471562
18467313
14871971
16699792
7952370
28301826
1805820
31548342
26135689
9440758
22571077
10456697
10843452
17106701
30145738
17229876
2143411
7563349
21330178
8600085
30650245
7747716
10643538
26843131
29971672
28412747
31519676
1501360
24272364
23520479
10960839
18321834
12197216
17338158
26984513
3308058
2660370
26022223
19718862
16767908
1787807
20484020
26564483
2500319
7729737
24742823
1320920
17226851
26225685
16585867
3276390
31034594
10637237
27224648
9625833
19305319
8418313
27421044
10683074
17869016
24911837
6363865
27943570
8262842
10917210
30400784
17544845
22579378
25670541
30107896
28836960
23815207
9702535
12232751
6326063
28753799
25850950
31078459
16492643
10857180
3120228
29110848
22391702
16557206
7738624
27624283
7935276
21069334
26673617
28097515
12085200
7959548
18698045
16813885
1969815
30537762
21764540
27861753
22580118
2918321
28242752
7531017
25564897
9647592
11261827
28222215
2285608
17634541
16708040
9425327
7943597
1646194
17931799
12820470
24569437
20471824
26228925
9538158
3881630
2711343
18990766
12471627
32126557
15193889
18591547
16181847
23523362
25629651
12839846
18353632
8940712
15783014
16815535
1319083
26291025
11350890
19751084
18194560
12089484
3513801
11911312
26051564
17762338
28578312
31277176
22745214
16763965
24518712
8299085
22252155
19263158
31011205
2191571
6391143
22402972
16544318
15677892
26408738
26881534
19143015
8200383
3086575
21050273
11268489
29268762
22835718
31102059
20669311
25081431
7972188
8600096
19638909
12065869
26745105
18628435
24661672
10839492
24487961
20200580
7574763
9789122
24372367
7622291
26391858
23338230
8712827
14701778
11751481
9446338
32144585
27568101
17077240
16518445
19375956
27673364
29544454
12719744
11142528
20652702
7866757
2687409
29191595
11894615
8583625
12824959
19585577
23107861
21699645
21229628
17854432
31874525
10602908
15493172
28597333
27036213
18332466
29044862
30341095
3297290
7050921
23430442
12382026
7558958
16688841
18804410
18080166
7551422
9796636
33875418
31395058
25827292
30466891
1912755
3729450
22948317
15857745
30165051
11593906
15172143
11862501
16105543
7710958
10815891
7642153
26785111
29562147
23877264
15156384
15061261
29149760
20407860
7585492
12501018
25225437
30143441
3903508
24613543
25876525
26940766
15918575
25664438
15917722
9625838
8398333
3088523
27055258
29558281
22864112
24169069
7640448
24906838
21966856
21931019
30149056
24443059
8487062
26325106
2143408
29528991
32847326
17519819
24407314
8969665
19941081
25202104
8567109
28596308
9853137
18538997
23908141
30471651
7516832
21372603
16178640
6809321
7577480
17317827
18173197
19760286
19707768
16939849
24726867
6380711
27415010
33857789
1846980
11208848
7567013
6953761
23212605
7812706
21419395
24468423
15586282
9159030
17579261
8761382
8283157
10629622
16939850
22697804
12525521
30811285
11734596
15591713
23754611
10921014
20477856
26960500
18302747
19859572
21612912
8075039
16716975
1668825
27673363
15217929
8723582
21886163
28191636
16641170
32391894
22327280
6380718
6362863
10363563
23485622
31659112
20178531
25842825
19517613
20354750
8630961
24156925
30682445
21302117
8286013
19018255
16848840
23618502
17009163
7930812
6342748
2187589
30504404
2244814
25637340
27614164
8548664
16062082
7031936
27124410
23780837
26516369
31705269
26806533
1622140
32967726
17324531
23424614
31925938
9817334
8007470
12865913
28440955
7522415
3008669
20851682
6380716
32778095
26563311
16183363
11753959
16821082
23609927
25408768
8205268
15112276
9576299
32582025
8142123
24323026
23916716
22210086
15181070
3382233
32219501
15309507
18410954
26866698
29384705
24058644
21118954
1342630
10472351
9548624
8340943
9444927
17566842
26095694
25976743
10873691
8942775
29283469
23870348
7899367
8293391
29188456
1571905
18299110
24758167
23533264
11772293
22853731
26697487
31391011
9446408
8435795
11600604
9369885
21076089
1314910
11248068
6437661
14991243
26016150
2204669
21061074
11774785
7029291
18922117
1333897
10760529
29667217
15686109
9454190
27634549
25783198
21882176
16504126
28428355
23539156
9093096
16325899
28347291
23014094
21159369
25231496
16524966
15312264
12452025
7034929
9863113
6761344
9548608
8381705
16080562
31406299
10430251
23043577
22234519
20176276
31415377
27456376
15384086
25924674
11219773
34118198
33590363
2437862
17511722
9692050
15221296
31418073
18829512
21639806
32167618
6169424
10713660
3087613
21501481
11164143
7944420
10421395
7574735
2426072
1515425
8490822
25073656
15084613
6182971
28183192
24172094
9101416
11339924
8758241
22605639
20587613
20508907
12433732
1846522
24440717
1426662
29858022
32685501
12359854
30819679
16883002
25213762
31348579
18235125
6765424
15915612
30712739
16344918
24063578
24762958
27198057
20930100
8451725
7010651
8503027
22805008
15072499
11261737
25145426
22771125
9846280
30477560
28662222
14598943
1862763
29336978
31266832
12416580
9615834
30194492
22377847
26984445
10589745
9219702
26156743
11398883
9658883
10326708
2202901
16970087
10499618
6183193
24865535
20653966
7970050
15310997
26178160
3527945
24609641
22570263
6318647
25085765
8280499
30725419
30485664
1668828
18347392
26840866
30971278
23727761
7529127
3585412
30872130
31658994
8070852
11235580
7668872
11346878
27272967
19274623
24906700
12973856
1801885
7299084
17545534
14871958
22162469
9469979
25425205
23142076
30854443
6388382
7848404
24806116
24549286
19864243
9263304
32930386
30149898
17448869
20150220
17373668
25339015
24004735
9193348
27315546
28008704
10648273
23306956
2249186
18848761
2192925
2674637
16618953
23975226
1574966
25977176
6275495
8664135
8003862
2224761
22154291
24612546
19118060
8364878
2056600
26568305
23916058
9569435
11720425
8883417
10030749
8169458
22315368
21489742
1544117
7729738
1571904
7659630
15515158
20407015
14586756
22892872
12576921
21164169
24559095
27601592
10517041
17362314
8353101
25497694
23138139
31252293
32098071
16140974
7701788
24923623
22350540
3219226
19917849
1569442
19295227
7869630
28860006
29298798
3937175
10926805
21785952
29912871
27743922
3315509
20479541
2934025
23775486
7802445
30952639
31830211
9698476
23263290
28171710
22433757
6437344
11958288
27189323
8426213
25414025
7944454
9074520
7731459
6269769
18032268
6363790
32091413
16248386
19553641
1466076
30296337
19865833
29975922
7863948
7819058
19605966
8484979
7019300
8950363
11235596
24422892
17969893
18832239
9925088
7802879
18676056
6388672
20656831
11748445
20208198
22196570
10604135
8949760
17913588
2168694
21412758
8033045
11232959
17596694
32045676
19556132
3048643
10522847
7869628
31606655
8202048
23679264
30554412
8731893
20574929
2503148
25099306
2224862
17679017
2983878
27926528
25893408
24820932
9350233
24962353
16051341
14727243
9697788
24721970
24026982
9643529
8545787
17066232
23430789
24351063
11309439
14667741
2190346
29550184
16637077
27405584
23507561
2278890
25531693
29127575
7745858
15754205
10514756
17455229
2209837
3907735
7743380
17890886
23645756
9677534
2187118
24389435
16555151
3524790
16462503
15924667
12504661
22644259
30502933
8221654
15449202
18064460
22228392
33063932
19404641
14735169
14588129
2049759
24573604
3292002
14515287
6757751
22361081
24369953
10229904
25007963
2895214
3048746
7016221
1964153
6380398
8413433
10534749
10027317
2658842
29352572
33438323
25547003
27612167
9840722
14512805
10665788
20579835
27516420
1419642
7755388
11142757
28568053
8622026
25822154
25877748
25605856
21878941
1855173
3542142
27884018
6397065
31922567
23241956
3356203
25376743
30552847
21205745
17661244
29799999
2015917
25713025
30998723
10481525
7720502
16217756
9931626
32994107
24848642
31874997
19242097
23958545
25292028
29506478
2084618
31011206
20016531
24969260
8543699
8755842
20215549
9598512
18381369
26122078
12094542
18282804
21679400
9488124
7850557
23528164
26628430
23553796
26410686
10819735
25806891
33434451
26234696
18824450
25529391
30360600
22092836
25356535
28301350
17291237
23008295
22901177
32034769
19020973
22180128
24586081
32706498
27633880
2825856
7850550
8785635
20570343
15454833
26243048
11597383
22316603
21335507
27893933
26240482
10746554
24553785
23621873
18833005
23391248
27528117
8646805
33025482
30475942
3540147
28654363
24375395
21843943
17180286
9245879
6342751
22920545
10767716
19917842
9570352
27505112
1786194
23124598
19825960
15283897
2237085
2833601
2186384
26583623
10540135
6280794
14629821
1704880
10025122
9309100
11231399
26335704
25122422
2034244
17636328
27872957
31285131
17380456
28645985
24953566
23759361
25132538
24099585
21037025
26332304
17392700
19231082
2004322
22658379
8310560
9750033
23906656
21879421
16679861
29536296
9829373
32928136
9250896
20122033
28346656
8025895
12855610
3130179
1912370
8643858
20089449
31871108
6800636
30042150
21826785
19154509
26143715
21300762
23582742
10350404
6925461
29797115
22926087
15868260
33139041
9552031
11592343
23454601
1320033
12898201
1714948
7532932
17469459
29363535
18714171
17959037
22194501
11536417
25832686
1665369
3530137
25803777
29984336
27418251
25790042
11935137
10585065
21683530
28482765
2561418
10925089
14529772
10424402
9060548
9225955
14614003
26951148
18692272
2224164
29117336
12115349
32780661
34215730
19648589
25130962
31148490
25476498
11420840
2685142
15720735
27553024
9087388
28486004
22367325
19117329
17310266
32020356
9494602
6850464
7026028
18362364
29374719
8697977
6362825
12684572
25474625
17562631
7703634
2644954
27311310
31502349
30611839
7736542
1793727
29365418
7587906
27140800
21841167
27793525
17611719
16211228
8558644
3048644
22342786
28262228
7564426
26612480
28376316
32198020
14676799
9691101
9179222
7836801
22033631
33382771
10091726
15073249
15790454
9351723
17909360
24229362
16803477
29624807
24978709
22961077
1325269
22399327
3375957
2288128
24034781
9268976
8940749
15017207
28991080
9205970
10776986
21351264
17638108
21418868
29162142
12483412
9446355
10081870
8801736
20480409
1504202
7744584
7532991
17201539
6372984
1991701
25613524
21665254
25238873
3697654
15693021
12634964
7954234
25527069
18073159
10355213
23053425
15386771
12577250
16344276
20444847
25355640
29223478
7848643
20029974
25752969
12160328
25434635
20676688
14991241
17179870
6189581
32333636
17385190
8158698
3934475
15986032
23722592
11296617
21057378
27000530
25655792
9691504
3734845
21751188
10587289
9373733
28029317
10989248
31389384
25644442
17233861
27006332
28058561
15054729
12370325
10974832
3516952
24072246
25124565
9973818
10328106
12592128
3580158
17728218
9847464
31109371
2081926
22546317
1663943
21424341
19085003
21822037
23780987
26745110
7094200
10368042
11051373
8725039
7989939
1385827
24505270
19701906
7538284
24012579
9731906
24832201
23898113
10590380
2736104
24988209
8548238
17000348
7818001
8869110
32741975
3943004
19219674
3276825
30487236
21357377
24254248
19787235
7804031
3525070
8165536
7944469
16258101
2462069
15523393
15557784
8436517
23661101
10803320
26604028
16858461
3518846
8996144
23860928
11139305
7699446
24339967
7981085
2667746
24118106
26442791
18607882
7857141
7796647
6185209
25145504
22496757
3518912
10989247
26741729
7016222
8138437
19838842
27022826
28675056
33853550
22823994
20609467
17446010
30773186
8648360
28759113
19559380
8872332
25202849
14530655
8254816
10212793
12789464
8033055
27880851
1651741
31455681
12775021
3114189
15177425
9527061
10192727
28472802
33125909
18471914
22395974
17957099
8344848
18071704
19188797
31613660
8244812
30304013
8260181
22460270
2713518
21079137
8587215
7754541
30795889
8127329
28710747
23801337
16462508
31786963
24589307
21330337
27639891
8128919
24158467
20458210
6193962
21071989
23743569
9587372
19654579
22271750
31919134
30765198
7712441
16758210
3327696
9888476
9776155
23679192
19733016
19145638
10475387
21075438
11445849
8570118
18506181
10598562
16897993
12601301
7023667
16130126
22341106
9454122
3896461
3896614
24338990
15573262
32894819
9253780
12007950
15528980
24211153
8599876
1320846
19539918
12433601
28650338
2012585
7850713
2191764
30096440
24403462
9469326
22395977
10210540
19787222
29402701
28282612
2379594
30624546
30253804
19660124
1701847
23918952
23478059
30204247
22162589
22126880
9762210
25605203
9498834
10972487
22935549
3881160
21330783
23776184
31198066
12029551
27167637
30717707
17634546
15120377
18789714
31894704
31506385
17317823
16754342
32259264
21939490
9392326
29274617
8934109
17976337
8650868
20922785
2937131
16716872
9187692
20499312
20639252
24885486
12687962
7051998
18853451
12910383
17709449
7869635
10791373
6821866
10388247
2834610
24024826
24525232
32727752
8547195
17955053
1627272
8841049
32133902
2669619
33285270
20012501
26125735
2460421
28401701
2579726
16401681
22585427
18665164
28378199
19127261
10810399
21105028
20949560
18649932
26597368
22572805
22341993
7041943
18780315
29417836
22076936
17269614
27743738
6749280
19826113
25201577
12826311
8558639
19495884
7682153
23948349
15785095
1764383
1845938
3885863
24836394
8528638
15135473
24370352
26510505
30227924
22378736
8846860
14999565
30957065
24721179
26208461
29282599
20840318
17917819
30274980
17016589
22651947
9449598
19018254
16051946
2167142
22872521
11915174
21098648
16518062
27788131
26181019
8137283
29995589
18321839
2652199
21502549
7029297
8149338
7523707
6342360
25503576
1913508
9806648
24046124
9350242
21544671
27869649
16598749
23176568
16391182
7044401
31194699
11249761
1627428
1737353
21610525
34256459
1524921
23532799
9135021
31573086
3535740
8279757
21592612
26471791
27231088
2254503
9229409
9332475
27443809
18603157
32307658
7917934
31689865
33244038
3917360
27636125
16456809
12182038
8244176
6385232
10444731
8541097
17882490
20502265
18427045
18629635
15052438
10560499
25886517
30348638
14998859
25143012
18840821
14718269
22412149
6299092
26406401
15580362
3912017
1302545
23280508
9162350
8020001
22951488
24846037
24237716
30753274
20927544
30882578
9636733
7699967
21805353
14667588
11182052
22930253
12498391
6423263
9822463
27756258
26642199
29940914
19841557
25204412
24912489
25027170
26222486
4021762
8656441
27392538
15163163
8558222
30980496
27615542
14569171
30415637
11308246
11683656
18757663
23143953
32189088
23107590
25849595
16641916
3882217
10389915
2148245
18237795
20332467
17850370
23022496
8653330
7247286
20379713
11911316
19211454
30446456
18595016
28382797
22768319
28759347
20975102
11245451
1893351
29862297
12138652
14976921
31426760
32879326
22864456
26644170
1962778
24793627
26504153
8756371
21555700
18301402
24186588
24631948
9060526
3007043
7074641
30411239
27069071
8608505
17362568
29584456
8860761
33270779
14508821
34210732
8635067
16827988
27407058
20016538
28391025
3310094
8625097
20071889
8333880
23975860
1728612
16471184
7029975
31308062
19783551
15061266
15342805
21899411
33400200
27328792
11412255
1349666
26975867
29127435
10862020
11923611
19633055
1394817
10932224
14681938
9446339
7845115
23999999
23045543
22471478
2036999
21425387
12039927
25965782
26672686
20029469
12874068
11875724
9739379
31074641
18771134
11229667
32307828
28142146
2224782
25287787
15591034
19138994
22974074
3760480
1768939
17274750
21989327
31595716
32603613
23957622
23244090
7992711
18980926
3526720
7692755
1626957
26315309
9288510
30292850
9264568
22124996
6309710
21102500
19620077
19838891
29500843
23786716
25969130
22480173
32369545
1918555
2604925
30055822
23932338
3904399
31262912
25636758
8558224
3882219
27342313
30739911
30698069
28488380
20534147
21603992
20593957
32369104
24219750
21538680
21281461
3287161
14551293
27013474
25275661
10471044
1769261
9029898
23491275
8859725
20646320
28483336
30102605
1785001
22304013
1451051
24729980
16164937
1315652
9402175
7871660
11600611
11961196
30345884
2154314
11008404
11972458
23935161
8281514
21282551
14585549
23275269
18253918
25152503
15120371
6367882
28961826
12667380
18327638
28825498
15221915
10065813
25698064
28637445
16314634
9636835
7979614
1373485
29195926
30579113
23292082
25267716
27777235
25003289
15892998
28054192
2694165
20725748
27995821
15729552
32722616
28222073
9853666
7801586
1687171
1591948
25466372
12010834
20389300
19826876
20541062
25023547
29222199
26887585
2410117
16524973
8293404
30916456
26991683
1335886
8970187
31199183
19339393
7044789
31036468
27306912
12073051
23652380
24113458
29299957
10430074
8753022
28498880
23104210
25515657
26238090
26136164
21682627
26418028
23765953
29789147
22669453
11865630
8149250
25144458
10482197
7763036
29778486
6280831
7748089
8233298
15133773
16221145
21678041
21300462
30030343
8400327
17854983
2692645
8269601
23886176
22017239
19199847
32019553
23915256
33008404
31271459
24634396
3132220
11559726
18799229
25267761
31177391
3884136
9854507
30913304
16173914
23642526
24588302
7041873
23748804
22513288
7981088
15913742
12471288
25889149
14597439
25184297
15545185
24424484
8951781
23213105
30291192
26403252
27464793
10416006
12173336
30342495
8331011
31882498
26526984
6326999
23994535
22930239
9987516
28895143
10699690
23617696
22862906
16252197
25056850
25277150
9698475
15591727
3044833
10955148
15743034
10497442
8490898
9020279
11295623
29310613
23083061
26918279
6369279
11501847
7964950
20353106
25886150
30051364
6381913
7857101
29056562
25598286
7869641
28062976
23143846
21938545
7612198
1300902
8804449
22259068
25393686
9570358
6315442
23727115
27480340
10767062
17671134
26801941
12165639
9217034
11268446
17349503
24519768
1524898
16978400
6565300
30194205
32960662
7912230
11249643
23935036
6362824
22753310
23031619
19289615
2755859
24760791
31619371
8097937
7046055
8424407
8013156
2207995
29489408
1842647
22923039
8388966
15718321
10699613
32320061
3315177
32612272
9464324
17484939
8387884
6228062
8083109
22025163
18487568
27211289
29318656
18342964
18941759
9703777
22849559
19856655
11701669
32448171
23746674
24772619
12692106
18361426
18716777
29374717
15569202
1622642
16497825
23084013
32923171
1339108
10386403
21465492
26474989
7606104
31845840
6380717
14601086
19299239
12377961
12412156
22434360
25818403
33010091
9742917
23994107
19650170
11862508
24169353
24037918
15795104
2221927
15165089
30563554
23558943
3044834
17028244
27009070
26298200
18207598
21690465
12232750
29080971
29800122
11815993
3791141
18081735
30115734
21114865
3525599
18307022
2923740
29158285
25605515
24476788
8385971
27734263
16893641
10521866
30515672
24874285
2405992
6375981
28081914
10189125
23456387
31327642
11249725
18424990
23497091
7961017
1847220
15091197
3899246
18617536
9040998
15043294
29130624
21185787
24041644
21242586
27002934
9761805
24015297
25552610
31279962
15604941
28073615
29075996
24465542
8037485
9261747
2207369
1907881
3064266
12203224
22840388
29776873
27085130
21831098
6176309
25980753
22204495
9507829
31311763
3510731
17719358
6633106
6428321
9201274
15256242
27741352
30805806
31538976
8144988
3516951
23299560
19856653
23606201
7833657
26313229
6388810
25689225
1877597
12029553
25615892
6307704
1381144
31522033
8396000
22888655
19352302
27690707
29602821
22077408
16061871
28464804
6271381
6540930
27457707
8521238
25862904
11266371
33079399
9660024
3971296
22472462
25643973
10077040
12496051
21856268
28922362
32251400
19780258
3053592
12637486
12271413
19875759
26779722
33289276
17082219
21598023
2029414
1394805
30511107
29596029
12017874
7826085
16314619
23435842
9665262
11778566
6388806
17947727
7676553
29718092
16763357
3289946
2681103
14676112
29636360
2172569
8256765
23613128
27411331
26790987
2681795
1760685
31912784
31227223
25594658
24827136
9749496
31195151
16615102
17848668
29564720
29921320
27430394
8443748
26003169
28527420
14574003
18414202
15138475
7988246
15580441
9081353
29067581
27221873
28893415
12163992
30054634
6286089
28064382
7030176
17321714
7970425
27584578
25695221
25590215
17693647
22982658
1929613
1564623
21910335
17486020
18618580
7029287
17627420
28070770
27556178
14663908
32043776
24761912
30699275
30253974
22731832
21769461
29545464
28542447
19574769
9218741
21540865
11235213
28687923
10703303
25311220
17932357
25547480
30208857
19074355
17052308
15197205
24917586
17051709
22071780
9158189
7611756
19194993
21561890
22547604
30347025
1967717
31743436
21113590
11335879
16755112
9933852
21960262
23167405
1509913
3516264
15668282
33527488
22382768
26671977
6963332
17325586
24433231
27149049
6259569
2401176
6261948
17366797
2044045
19261664
7529921
28007026
3911832
7683942
29572531
15073097
1707140
10971166
8937492
7974795
30852467
25790041
10493479
8545329
9931883
24439740
7029289
26528705
23435437
10791003
19246950
9533529
9372886
1998477
8596130
2586435
15196855
2654953
19533244
9245881
8032219
14760382
25516212
8602179
2033413
6357424
11481358
2203518
31517821
10475358
2479178
18029134
16552197
22123748
9290119
2538960
3886122
10335782
24262102
30737568
24731491
7988261
8679463
2667317
24100589
19058838
9849473
22464057
16047358
9293453
26182172
25035248
29931180
16565617
8608479
27530657
21822549
10572845
8267388
15368924
21063792
8993518
11467770
7029149
9275691
11890101
21871012
11677934
11039502
27004570
14674737
15297180
29558290
24826798
7706852
9817390
22180399
26137850
7745829
6388803
21683485
9060581
27001344
26351344
20943763
6374052
1730119
26407547
21038171
10565755
15354209
9020948
22032836
14562016
16403809
27928697
32153208
9557049
7677489
18696156
29353367
16025260
12953404
28324749
31383292
20360344
25732415
10371567
26673788
12393978
26025767
25526776
19366825
32884944
11086427
24910925
33318591
22580117
22434431
15126656
15802149
11865629
29039030
15585973
3060219
11373109
21159432
25728526
15690286
17393043
8643224
9640215
9135526
26518352
29159742
16214909
30504372
27287209
7944692
32008114
8879684
31974770
19821489
19953609
24373195
16133531
8032829
18463957
6380713
20395062
10592764
27106241
1827283
7043753
20391892
14614004
9170430
19092348
27389475
32274564
16542503
10591487
12232755
2505683
17252186
29165021
16783579
10075301
21431408
23045542
23305547
12714949
20145579
23880585
3899354
1642879
21618247
21707775
25652842
6084856
32967392
14503805
29790221
18784963
17086357
23962904
25800762
1333898
11795343
31533501
3521832
3002623
19362957
18851871
12395655
25346208
31062389
3308078
21665895
15984381
3276384
2465647
32933498
10429974
30352550
12488144
2403417
9649155
30351341
16925896
24599353
10861456
2055140
15111763
23609897
11748462
12697850
25278712
22572845
30452004
11977644
23406914
31888670
17449377
22422482
28957842
33788453
31531798
11201381
16437366
23041585
31129907
11232980
10854563
7851859
2209270
1751953
25987044
28527133
17577620
31795830
16319977
10597204
28456896
26152744
29276837
32213105
16767900
10766193
31079079
30017964
3888369
20189916
26879545
23073921
17391905
16444992
1324901
20033052
24438695
1580636
12796608
11400231
21948813
25170640
25903089
10025376
31677148
21936956
17944437
2143413
28838862
25218906
6378356
17695469
27497762
18263688
26782254
11588130
11434724
15786412
15205602
23612465
31414370
15971198
25317990
22157087
6340825
21247653
1622644
33788457
29454321
20066418
2180790
8973852
28466686
26518021
23835505
8137272
12454111
2700316
30418178
29420340
20039210
26020509
33736617
7524606
19655439
10379859
1703451
16968803
25410710
31158073
8883234
17710478
23709422
22868505
19493869
17416851
27255289
27612178
15317891
12954575
12377959
25942398
19918954
9446331
21882608
25977821
25800768
27713169
11879296
25292189
23817592
21862407
7911158
7656807
20589491
1481117
8416457
32800099
12235650
10603189
25148169
22067579
31179509
7016287
2254114
16775183
22427740
9815520
25233398
2667745
31466745
7749155
16351013
23275117
8173183
9806660
15992463
18465331
1428730
27502323
11677104
17008704
3914621
19035857
27185373
21144559
22465911
7960999
1327045
28668866
26094869
11404503
10462656
2438902
15017453
23211715
27834264
16389984
27449804
21328579
12057137
10645800
24311014
15960931
30890062
10491516
33125362
32487218
28839440
15947952
12960595
9167674
15906025
8589013
11056853
31398258
9477114
3519884
8267401
24927249
28266260
7793991
9128987
3297302
32924553
7139526
11783024
23125297
19396013
14599858
21236602
26753880
23400545
7569164
17075113
30663378
27091132
25581596
10198730
28707036
7929550
24464780
2144152
16267615
16773438
10550374
12750554
26607599
22776042
30230531
8911521
21707221
21922357
17145537
22274319
12778391
9679262
7029299
1632342
12872345
30981987
9617328
9440739
7935635
28799004
16134177
10458249
29958037
19107130
26817643
18580199
9987502
25530271
1742450
19858316
6376719
23358973
15062138
1449107
25856172
9675938
30062506
8630955
15541820
25417404
24532471
6754427
11783078
7597479
15706429
19820378
22217551
31558477
26373741
23284036
2290245
18669455
8521893
15585076
28100832
26667449
18257399
25160492
31729964
25085836
7967988
27566040
29554604
20406959
17928219
7944465
24043745
24439931
24988227
25231405
3896642
2405765
9599356
23102853
10486370
22469291
28825195
3283267
30393943
6409006
32070401
29948420
10606478
32067683
29987601
1309678
17578061
2262073
26202053
2479963
11779663
19242829
16909975
7833658
11042582
2860271
19800471
21948270
26510663
10365063
17577234
30010756
18097288
26580449
23390204
28894017
22810954
23534744
31923800
2995755
6469092
24362862
9267135
12056646
3909970
6366145
25456363
10547557
14978612
8276286
11956262
8756367
15155893
1316564
30727742
11263297
7990479
17571945
34083331
10638466
3931227
3896085
3914911
18164209
3285477
12932668
24092240
27028881
14747047
3297287
3440240
29425304
24362951
10440198
8252492
6289447
8546908
6704567
1524917
22294718
25564159
18270814
18467724
7486755
11550163
19955335
11003406
6188871
9186324
10337657
8094466
9745063
2406485
24451130
10585602
28331050
9091798
26588230
8519241
31172405
21046504
18560232
31570234
25832466
27565809
24670918
28264824
8428323
19189349
26229148
12226148
23345303
3530443
23970480
17972466
2689788
7693990
6756459
29853657
3032394
2571815
21761104
10944552
9489647
11783254
33620470
7684865
17072042
28196066
15042664
31954395
1850811
30189025
23076599
10525379
18071720
7944821
9072596
2986823
24035872
20582983
29566715
3511864
24072232
6325864
25238225
7679610
3622555
21036614
28334858
3300967
7547519
14520436
27391650
24638849
9065557
15685040
18344211
33915650
27427978
19478704
2642566
28870928
11581616
17330838
28733441
25872890
17998653
33252169
15011974
3309757
11760354
1319427
28197666
12208569
2951501
11420638
25254563
26602097
30594213
24929759
10683002
28933799
20729057
9470828
8389666
17992072
11136411
12494251
23679309
29765150
17503435
7589593
28497402
1515163
2666024
17414607
31518968
23098088
26851495
7853578
1831340
27275947
28291565
21319157
21829197
18555468
12461202
10326694
25976296
2855325
29523141
24715690
28502786
8158680
17267325
9587125
11066053
8478959
2158808
18253120
31295818
16883000
15955900
31511230
11045792
21700548
3056288
29722481
31959342
27406897
25468398
12432413
16030104
22207051
16343178
27693888
17349494
18661509
1877119
28605510
19645022
21174177
23891789
23582651
20636021
21231790
32828931
19127259
10084570
28055119
22378599
11332146
26328915
12909227
26540314
8318877
12837431
28501127
1642535
19073976
8437303
9102742
24004741
3286920
24356339
8398572
10832441
23264335
9529016
16832795
9842971
9107573
17609306
21890229
28073786
26919235
15168998
17596577
6336977
28806263
8493453
3113339
28698999
26284485
2662539
2817745
9052419
32453441
1601656
24332581
30007498
3912767
30082476
23053254
18341416
22386239
30009968
19307739
11013281
21841287
3034650
1524922
10656434
9364638
27322463
23695431
29995724
28528917
24403470
22357257
9187693
3327021
17804941
1660411
3903223
12419434
3434998
19030986
24752410
23886213
25728527
22781390
10767356
3102414
6616153
8630937
21999374
18428209
19767314
6369776
29451020
26765054
28941160
10668939
20070721
1985713
27410923
30515670
9237061
2613203
14529212
24477603
15070596
23864581
15695037
9628492
6807542
19224144
8691840
21933805
26196123
10821895
1900685
28395375
1646684
12955041
8808849
1627368
19668013
27267608
15980880
8306409
27862646
23413951
26362343
16006422
19360452
29622155
30343626
2199221
28651827
10850296
25743840
11443622
24428912
18568488
22252038
2455442
8281462
2054316
26039838
9190961
7031277
29800214
9255271
9029856
16767923
31545540
29121144
3943266
31730601
10472344
9704674
18033724
16169670
22674529
32478895
1917151
19949010
9179226
7989980
26618449
28585450
9126714
31810818
10770979
2683172
23780988
11025699
7610636
26984534
2815804
12811692
20646288
9338476
3165972
22328264
6347102
24470546
18200672
22608338
8088613
15695784
19309726
16643264
23765910
16027282
22613353
21114777
21308859
8965360
23104708
25344452
26335594
8615961
10210538
12954579
28279480
19558948
27334245
8608512
16230863
7734309
7028242
30219444
20544405
30789412
23780327
9007131
23902619
29384722
2650758
7850541
23154554
28960781
12792751
20104528
19690306
25680594
26512712
12845490
16119667
17533399
1859906
16280045
8697383
7867023
29587666
20448376
16971666
9212954
19198893
10690519
8941007
31050952
21828236
26275293
23718900
22237121
29915994
2001337
3530430
19695922
21883013
32589350
15620955
10534964
28741175
15061260
15070120
16755179
24201747
16609086
8824353
1654194
15924666
26254169
3905576
9232610
17039380
12796370
21188632
23327960
8854778
24836273
25428164
16586080
17318453
26180927
3335080
24612467
9857998
29401210
10391578
27174959
7863429
1564866
18610817
15981107
14570086
25743819
1492625
22393129
3275748
10657375
8673350
20526206
24708773
33433656
10375920
18553236
26954671
32131980
10071295
7736883
1534249
19047882
22580120
11600169
9101936
10964322
23532564
16183009
20389142
15904616
18025915
6349534
2182214
8771290
10854543
2996747
12185656
7921303
10560332
25535728
25262164
16598750
19802924
7886530
28334439
20533506
1675379
15459494
23278862
27052296
12589476
27086041
6441194
27644229
9142514
23815357
16091759
8198334
8708520
24252125
18273961
24886671
10482199
17379441
10359149
27681865
33687747
28344102
9632446
12053710
22491798
33202542
1325463
9446951
31690247
22105823
8246728
21231791
9019991
25715763
15752883
15836500
23876569
20151421
3318089
28292299
2221928
20232386
30151703
26867157
21789587
21791984
7543608
29862491
25516890
28688693
20683058
7729732
12843799
27689858
23938374
21765046
12781927
28241093
18286497
29227818
2234206
8261870
7880598
11057405
27809796
12079295
26026738
17207655
1830717
10360655
16265655
31588020
7171967
29510739
8607241
7524921
27702796
22124669
12050495
31276981
6336662
26081815
15244179
10760753
24362843
7038244
19713246
15612858
28467918
27662884
7642154
7178879
25534294
1283088
8625152
32270637
28508278
25189794
11984090
31454493
9869716
8677578
18490369
11169928
10964323
11906445
29755102
24827126
2688029
14660300
26768099
11020190
32277764
34259402
31554379
19280588
23566529
18626572
12229975
21598237
7031014
3328986
32345594
2692649
23534752
9781602
25030214
11826488
8156344
24390799
31102920
26534966
15714241
27291558
19536890
16307813
32698962
30098393
20458441
6402290
6753912
1281667
16890006
22635029
19229791
8652237
25875938
17761636
22374504
9850719
1450045
30146110
9474184
19536893
8287887
17285315
7858479
1382829
11955728
30268156
16533781
32623573
15972702
8611400
8678516
23034096
29251406
18628463
10618691
18379707
26542584
8683877
25127509
12642688
28288595
23186033
10421887
3126085
29887243
27878356
28095720
7935994
12734691
7074555
12706362
20122026
15695787
28927977
29305130
20826832
26278349
6627221
22009536
6362840
11870530
20648583
3301758
29803537
10613595
9840344
3331650
16960692
19785060
25106506
28228279
10997805
10699894
34397698
22740060
33311588
23253298
30632009
8164049
7972383
23463482
2129004
7745855
18025916
14669291
14515290
2405994
10851775
25835747
26947328
3371476
2191763
26199039
31591062
17623837
9703292
23417978
22228146
7720887
25769658
18615619
15907712
24373609
27377612
20364003
8202722
9272122
1851620
8639297
21448726
8995081
19551881
6342752
24953276
23812772
8635112
27764686
22818151
16670720
33683659
10985476
10430249
8260183
8334629
1955231
24694741
3561604
7879333
29508095
9650913
20939928
25628061
23715562
7789887
7746725
11013363
2831594
15715103
33847856
21148750
8564973
25200524
28291390
7016223
27049782
31088723
31085287
17848673
2457858
9642997
23725151
29766259
20930098
21305287
10966568
16445534
27130929
17179978
11212877
27760666
23951827
17644330
14519754
29297698
22943608
2145583
9807204
11401309
8123497
22370330
25316815
9378180
17118310
15629284
6202408
7623072
20448462
28980072
1964472
19370533
20035540
17059329
31754951
7577027
15385118
10199945
10512125
25875772
16133796
9887243
1588378
24670018
26269129
14675683
22868919
21056846
28366766
19913351
10873072
8053740
20116979
28166751
11283940
17452429
2039989
25986030
7617264
21372602
1627421
32710148
3304610
1386997
23817721
27872117
7747839
31351998
29572245
10730801
25800753
28577239
27603423
23895203
26366557
24894850
20537164
8911520
23765205
33160115
19713014
8831739
19952762
19786345
26823294
31843338
19552728
15274398
7569009
8339236
2170309
12667306
29453232
16887837
23877659
23453899
25155251
26838372
31184792
29361468
22858235
1648432
29454514
12416254
31088240
30135024
32526771
25130995
11669329
26740259
11840198
21497930
15934497
22877506
23512329
1399735
9239165
25724527
9845610
9891530
10348280
27993804
9322352
8583615
11689580
2045864
17020981
26732120
3917355
30661639
18416472
26026105
25592632
2685934
26807637
23762840
15645483
21390568
26355164
1292996
1314404
18491137
9703594
19036143
3296435
10323425
11252626
33962356
21979904
15338385
8156530
29936782
7708231
19619377
12441926
2689236
9502368
11249762
25694417
24322569
12599289
31189035
9454228
7944426
11129024
24617776
28248981
3304480
26559156
19626378
10750206
1882280
24244276
7816384
23294513
31092402
12926156
16569461
32297396
29599343
8790516
22933028
8740787
23143778
10376613
12015775
10573226
7569097
22559906
26318373
31603918
6437343
9720728
14512393
31908102
11813623
23414206
31871223
15011245
22572708
21598414
20026818
12170026
10554645
29045554
30851442
7564378
20832982
17569256
1913490
8843960
3276536
29181652
32014275
22475046
30795773
17470153
9769840
23975154
2064591
20472364
16099293
2499527
29855695
26982446
31736219
21576285
19703839
19581232
26454450
25577501
23992006
26166556
25105436
25081721
17523339
15985769
19955949
8777418
10210376
17609301
19096313
31203390
20940540
10461058
7490805
31752751
23939509
16704893
16192583
15127282
8018682
16051945
17078777
24938424
18077504
16363019
29708782
6314661
26643072
29315679
30670507
17936405
23506397
10683077
6370155
9760769
10366464
3659830
7577101
30470892
3898131
8678767
22543201
14767557
9989521
2202342
16136370
9754758
16161043
3416310
1472184
19404214
29610121
9815943
19838742
21887501
8640701
26284383
17346108
26964771
17854511
26547304
15625359
17308275
20602263
1723407
8305336
21918977
2114825
11521181
14575583
31296790
15969861
26985061
22186789
27993403
31600211
2430072
3533469
30521123
30663807
16172174
1571644
30270489
15860863
8395967
22492982
8157352
12488296
30219154
16015596
30075763
1325145
1353489
3114964
10745624
16262547
25085757
8389662
21087727
9576303
3226418
26715573
8625203
9012427
22692758
12240756
15205207
23302017
6359681
14961588
18779620
22201654
12748973
1539292
2070324
25388167
28093654
30312190
12932664
26586495
23602863
28012755
21751430
9626198
31838377
7986147
19727744
19549713
8689216
15199394
7497137
16170173
27354605
25465500
10733112
23911560
15785745
18506484
9829384
33368336
2854656
8679446
7747999
27757781
9289466
32458647
12620155
24874474
11371734
31174237
15305783
29725798
17707296
7916560
16750321
8712732
7873457
12610178
9875790
22864336
6198081
12068188
27348253
8708722
12838309
20974066
25441611
23954900
22426890
8398323
3516601
10969653
30842172
27233139
8262730
15386624
11850482
16531718
3082287
30477836
24777501
27194552
31520695
8069603
29656744
22988042
9839627
23214246
24034835
1283513
26926910
11164139
17785569
7920492
15143880
7574780
8844885
12397469
23690420
17542716
9849260
8753025
12912943
6387814
10741794
9829374
1813067
15834926
8156509
11223671
21663994
14998855
10443731
8683683
8275514
19826037
31082385
3906049
30299542
2160316
16001172
25085632
25099983
28945848
10793342
31783907
10920970
7029292
17106441
27733243
9703776
18301457
14750322
25352267
16269290
27849649
7805559
19615155
20112484
22693357
10467919
8380751
2573679
26545405
29581034
21300466
22033890
23958147
16015591
30041978
30094545
25092154
9704725
8286203
6349538
12860949
17334983
10364652
31436372
8198982
22248269
30482661
9392548
22924447
28989040
10851471
23725233
8553079
23290580
8087522
32591246
8796207
31686036
23448807
9425328
23299526
3888335
10430250
11340313
17430668
26351349
21545228
24862923
23720223
1439447
2230578
11172139
31987968
23178313
10396858
21298496
17912637
10322858
8159920
19763571
2245382
9454116
28122895
3527947
25932963
23247719
17317831
7551950
30026614
29630433
8186869
16085589
9099461
25844822
19209171
18293426
30778520
22610937
30937600
6814596
17643436
32928177
14585550
16703596
32154962
22287759
10778733
10994279
25887713
24439313
27336903
7574813
9377855
8131279
3912013
12013159
21217084
6322961
31037440
31346927
29736155
31464100
6692287
9853146
2856957
32777335
27435048
10373991
2013030
3828955
27022067
12881087
20959485
8745350
24012693
16525349
30159604
6553504
17195945
19727961
18676516
29299592
24905740
12868149
23001871
26286677
9424912
25695690
16619562
11440029
27607734
12764907
30352778
31358024
27956007
31091442
2691515
33316416
33714527
21415234
29077266
23765693
12960596
7842407
27247226
11371139
15549589
1405170
31806772
7679040
1647510
20142410
31550051
26296293
6357118
19806035
26918893
21615496
33006567
23737480
32011207
17311690
8392285
7051803
32011509
29118231
12825849
17014460
31055993
18219250
21851602
3314793
1734950
30737137
4015380
33246270
24373380
10738212
20819780
19267739
1822770
7034928
3306777
14768749
10551554
9300877
6764116
17309665
1396947
23155281
12555009
29218773
12552346
26192904
7712435
18851795
27568321
9089968
24175825
24091718
20546622
18550888
9769782
28926528
25851629
26725968
7557610
21207164
1739926
15213727
12923797
9678615
9165857
10391563
9351549
7664897
2407812
7860412
8201376
10744806
31048330
11729382
17386108
9563886
10717252
20516446
19656158
17011453
7575117
22306961
21996089
8961989
17347871
3920975
29580697
3525074
7886415
7944427
30523555
9929147
2194537
18024863
15929948
19559428
16786316
10354031
16386890
11445481
2577382
8276650
28488344
22026099
23282113
19484483
25968621
27261365
16568451
23728991
31196032
15073860
21476002
9607286
20495918
15084974
21406471
24019196
23857398
8452110
7571218
25278227
25519996
10335929
9140431
21147813
26976426
22749632
17726809
32505770
22290911
8487324
26089540
9742914
10584883
14532761
15363874
15710271
24402721
7029286
26024531
11224615
12029554
21436186
17384513
27447966
23169523
25095793
29282088
9931627
8175445
8567141
31006930
10629707
2264543
9385489
9207875
17699816
1622873
21481618
15719277
2031507
8166477
2403593
29283791
27530529
18376224
26832859
26408012
21343371
31105270
18056435
29763465
7990303
24983556
21181281
8659037
10927138
32100444
7523710
24501920
23017157
18545145
11901537
23271777
29530346
8558660
11466678
15011787
6754063
34154614
32822286
8883418
21057568
25279465
28945875
30721261
1730131
25715364
28531881
10520701
10699939
18049334
6164465
29734245
30796885
14755505
12691821
21114783
34109515
25814216
7979616
20550712
31307814
20299316
17458586
3136695
15809792
10546521
8621292
21378203
11004330
29868979
11410301
12964131
18473121
25374225
15085919
10519691
6323185
15122080
23686600
17363531
26587694
19023632
23615181
9684138
10767366
3312721
12683546
12581248
15022300
12237891
30592991
8623839
8487053
20825084
12789465
9741424
25189164
9789420
3719595
29086230
33512778
31074206
27992550
15269141
15523896
3806876
3008278
24438902
22579379
1573785
14744642
11922742
16641896
11785111
32014812
3015179
8782455
20148989
24942210
7815722
23640558
10472324
11004987
11865627
21362155
33152284
12433015
19476628
8080065
8630927
3027267
9884705
24919857
23977977
25673697
2081923
18974999
18505083
19709169
3967167
17456240
11134190
8198976
18424887
7604204
12910512
9268947
28276741
9231927
3536070
16639739
29429177
15723709
15684846
26577119
12576431
12587378
9516923
6388156
10329034
10374554
26678406
8479193
22213304
1878606
2941173
9206051
1575965
22327130
12937950
27887806
25270361
9829385
20603245
15571956
24021541
29156298
27257103
21744082
11596031
6392005
8156520
19476729
27051048
17188145
18219854
7523041
10394005
11875728
22212299
16333821
6357102
25577502
28972039
27136318
21284968
28218038
28357972
27549145
29953441
31554519
26333154
20682499
17133266
7501347
22413021
17918152
27485533
20590443
9366336
9655309
33259087
8290916
12875941
10624770
19106584
8435802
31240302
3056280
2699070
31523058
24460318
19115680
31912785
2877397
7992709
21989411
19464164
10076720
8174058
22886613
25016533
11720682
1300782
16413644
8049459
1495357
10537340
30725389
9815938
11391587
28780685
21607939
6424467
3308080
16187928
21301848
16849751
21567252
16372152
8635038
25271396
7474703
18312442
16373059
29953304
12584692
20566427
1849786
16752414
9454169
31318821
1309306
7977957
1480771
18956604
14555501
18972429
10087895
19060586
1580643
15177489
7688714
21171314
1711250
18362823
19620873
10099162
20185458
11899652
2692062
26948300
12734084
7610632
29166925
29617851
10343217
8186168
2406228
18424886
7972903
30308388
9308941
22283472
29668542
30223802
3139179
8931610
19634162
9227247
20716629
7732287
2433653
16670385
24661655
26188917
26762579
6421391
19039304
17569711
1375657
16234823
25232828
26206144
25662406
32548619
28654366
19242921
25808099
7524920
31235394
28419193
11139315
24675242
23334562
2495220
19214951
21913014
19913325
29654645
32299729
14559191
19096309
10368039
3524279
29729848
12515872
12605963
7487207
25106493
24347440
27696380
15926000
18836917
19879131
30977242
31190276
12865915
10081854
17483950
28688635
27160457
26083556
9117306
25650249
15111338
18528311
19998333
32591522
32343918
19910908
1733375
9454166
32011361
17892450
1902830
21512094
12548597
22252156
31462115
10561175
20960501
25247319
7924868
26260875
23509924
17351987
11870157
30257655
29301747
12096294
9920444
7037160
1574030
10193947
20169706
9840528
7995145
9854501
20409311
7835106
26148750
24210705
21990000
24712261
8483558
10829311
26028518
31102145
19142638
31713265
2694166
9889028
3177753
9662244
15302491
33931919
12909224
12644817
30351999
22956062
21360247
27655703
27717372
29690838
21741287
9815744
16254100
29426956
26461006
10691065
25619726
12040278
2508737
30859690
24558749
12768686
7988250
31020742
1514529
3947108
16273666
26717938
29469081
23008301
7954243
10607980
17999404
26504842
26842195
31412935
12576919
30820717
31279641
15041713
14623523
17538059
3898258
23659317
23283817
7823571
21595953
20522448
22488488
31707122
31288944
7977430
30796496
17882418
21336855
23381898
22692465
30993410
21236421
33259932
19104814
30783135
1394814
24909549
11812089
17991625
27859010
29739622
12501017
25267992
24591084
26194461
24493157
12878247
15079128
15297165
29510957
14996154
10741701
28319448
33079404
9459315
30051369
24727324
10854552
15150592
20806131
24374073
16642482
9373284
25368273
18753801
20579839
25617154
7769332
16315242
34215207
23587451
12616109
1419644
1386974
16326416
7954237
8961487
27667001
7961010
16767903
10660924
20646862
16219623
24859157
2535953
14645425
23551783
29036016
15254048
28508838
7857706
29268708
19831159
25618271
24849521
3337561
9243041
22827935
19786850
8339523
33823518
22704056
24967960
11548905
16077984
16450373
1423087
27821319
2200195
23955585
12548596
11454892
24624784
11789186
32960289
1888324
27101523
17596744
19408302
25503432
17704421
23877013
21364753
22802892
30772006
24646333
25601341
15945507
31304797
20706792
26110667
27256000
12743532
16940979
27102843
10604268
30110194
11911303
11052509
15278306
31020334
11305610
3282705
21424150
16278408
14502226
32551097
3317849
9155061
23897967
15667867
28698009
20929433
30335127
19934911
31682550
3903907
2151369
20531162
11516867
27777129
11404494
24211857
33077776
3065834
19119599
33812497
21962893
18827611
23478119
30862637
1764379
32347365
23549781
20145184
12473578
31005287
32152626
3894585
8412266
2165179
3308065
30216418
31206639
28434798
9145975
8646692
21693627
3889721
12620153
29668600
17786611
21335509
27241116
11751482
11869319
24560331
25278451
21515482
21343556
16264158
23499390
22420471
12592360
29778320
18641093
8646706
17695480
31838009
29851270
30604159
32710147
2826370
2100764
26253255
18490648
30065256
10528024
27565426
22699884
9702534
27189615
21113656
31477558
3889800
32147519
6925982
20490797
8548226
2181310
31373926
6171572
30613055
21448901
21308372
1906074
27072896
32607811
9123707
25422193
23026383
12469157
28179586
1302543
6092557
7728673
19491823
28532439
23358181
2124434
21440505
11895897
31142504
31957269
21802850
12525526
30616086
30094792
24289632
19194126
16598751
17700548
29955828
25024171
8664036
8814691
19901100
31266826
3220958
29526386
27476789
1469796
1423088
8016028
6390445
21093374
1337466
10550139
15369454
18303408
1618662
23376805
7988260
3259681
33040510
24373251
16925974
16702929
1520597
8558643
11205426
10533192
26801394
11325488
26018108
14668592
3098648
25503427
30806186
19169683
27056558
19726909
25240761
18424884
10102851
18473354
8018953
12513955
16344915
12576422
16450747
20143431
30587148
17851864
29700573
17338829
32020769
18317718
32435967
7988254
16618781
10679897
23568244
30686551
22652104
25503428
18952557
19104816
11251955
19016270
21178639
19464824
15817593
14991119
23290909
27838944
9323143
11829851
31484660
6362846
31128228
9039219
8226172
2015545
10425293
15981106
1551067
7535603
23733737
32950597
29019177
17761982
20172378
9168072
15948743
26283035
10730475
19088184
28365694
23224235
3551327
8039153
23519566
23849250
12820308
8616475
24287124
29512061
18515258
25866811
3048633
17929257
10561294
22772063
25569710
11235682
31366516
21930323
24001635
15700313
14601087
14594508
30176553
8691500
26122553
28482348
26837983
10598924
25433067
11078493
31067347
9290020
6343750
2675002
10382188
15668261
9674264
10340903
12435170
20798557
15217515
28924212
30667494
10212781
11347286
30014439
28521782
8067822
19626443
22575396
7638467
3791153
23514253
29960876
11169943
18703220
23480498
11174293
9918961
17694416
12691686
24260099
31216852
14715085
29908991
8611378
18258383
25019568
7569017
21285676
22508814
9863905
19760039
11335790
22487741
2136337
14688021
20354452
1560713
6389777
23422478
16682134
14716742
33788602
16222308
10536358
8546473
12548038
18925392
10586332
12153376
25824196
2837830
28661062
20156345
29581982
25691281
20453691
29298678
32599066
32180066
9136458
30539282
9437649
12738716
12743150
12586592
32690203
24705855
11782710
9498162
25688104
26342026
22307026
15252435
28583651
8501794
16100454
2519932
16251880
23394492
18521830
8625251
3121165
28274559
2699034
3894553
15164437
18607941
8339215
24197757
28870792
10882958
14967434
11143847
24689780
12824205
22471477
29756397
21463793
10732535
17021352
24169342
1310889
26453566
1423190
7882281
24103511
22444157
32538009
21412762
25883973
1327697
7459805
23880826
1556836
24388362
17047490
23677592
9145316
17043639
18348295
10944599
9365551
7812359
8280659
7775151
7954233
29288190
21392372
17993727
12234697
26281825
17785994
30135020
18031375
10193937
7854778
7574741
1854613
26988367
2690913
8545281
24560453
10394225
22897908
9345021
2143890
9224313
3914912
7029285
6340251
8625180
30701349
21122837
27832387
23079671
25505238
21931958
15170547
30415629
29862295
25426542
10380385
26163603
15459918
1323814
26044164
22321518
16754727
12767084
30789648
9829381
2198001
29136683
19389795
19818598
27165228
12374981
24125485
8379768
8586515
7834121
18719941
11054514
23608797
22617128
24386381
11466680
24915873
8004580
17363187
16773437
22079264
31998801
7973211
11967486
27440062
24177255
20404000
14675308
15917174
15785742
9083156
7973212
2045855
11020090
26188394
17826055
12905551
16368513
8156481
25258301
32862592
27089045
7763043
16174247
24927592
30217289
7544966
17689034
9661633
8061389
7923204
26566079
17312304
15091196
20585099
29061504
15816442
22207046
12498779
23897954
2480941
27569043
27688097
15240607
25175762
25035190
6349780
30403669
29189967
21480469
33388382
32338562
28488912
7965150
32619561
1851603
31570881
16402636
15124551
22443802
3611943
31982648
27217542
1402310
3285278
14737727
8709446
16047356
12825872
11384090
7834464
1873773
6317158
9432685
26041765
11707992
10683086
6238190
10735664
8418243
22736481
7023634
9879294
20195151
32086343
15053296
16411144
20730572
18240145
1478285
15062144
8664133
31711969
20473937
7033783
7452872
22037316
23443188
8949765
25813474
17573295
22313740
34020136
22085375
27337944
10820347
8043059
20886629
17971598
23867129
15514382
10212790
25165100
29781342
16372487
11943902
25059814
32224483
30052267
18283035
23554506
19209172
32508043
30640697
28823395
31204078
2987102
23676420
25223986
16024123
1389521
19717534
7707112
24906384
28529951
12648576
15004875
12029549
7686764
28595036
19773378
15067810
6396565
29096157
8018401
7917540
24568530
26367803
6379784
2276106
19154899
28044213
19696604
30327308
25196856
8911519
7793203
7523548
3787198
24361248
11747326
10606909
7844607
10362341
30093454
17118669
21631949
8643223
27530656
25552074
11774289
15003743
32502445
7579508
7751885
33953982
18823024
23265945
18321372
6758827
11896441
9671326
23154393
2676750
9702404
15145161
16117878
6351947
18722046
8080745
8116078
26611473
10402248
10370699
24796967
8863564
11955386
11716226
2258065
22421193
3019215
18650162
26865162
25991462
31274110
22112608
21618422
26714427
18570860
12519707
12611641
33077258
7742025
8293401
31176622
29321007
24493730
19238628
8471434
26186556
13680286
21240727
7994781
21570204
26156741
22870311
19288181
23277772
19106506
18461388
15929120
15305182
9744511
29655277
17167974
19933688
9427270
18521101
9127633
12915606
15613450
28829992
21191314
8879871
18646045
22436836
10188720
7036279
10857523
17348458
25872950
24068395
3521842
27157491
2098504
26095785
27927660
16515571
9919836
23842283
30470992
19015921
24148225
23474836
25527243
20919481
17567306
21750172
21319158
12667338
1517813
29764853
6319338
12573744
8980394
6307178
25098247
14997197
14568853
18669453
10656380
33342778
15852733
26702872
8155492
10396323
1453197
29903551
29536376
24255071
20510537
22495696
8256771
12747193
28988646
28803925
25225907
8351757
21353160
9700579
10810418
9162303
8028939
1295444
23206463
29442139
19520687
11464495
3292667
29731413
19390930
18669515
26496519
25912786
8422636
30983467
11677105
28581400
10674443
12080625
25469673
15028450
2009056
31438967
26942463
9266098
22271206
11095134
23489023
15150576
25048529
19720914
22273718
16977630
16101186
3260467
2247914
31941830
26551338
8445416
19394894
8928330
7785237
30501974
32153233
11206227
31190275
12638172
10396324
23712439
9719120
8199990
28619116
8632538
15186607
15946573
28955006
19179896
10987020
25827941
27884071
12193302
24581995
15604993
22070666
24743607
7877587
9213110
20162707
17435550
7666665
15014006
7579506
9874426
30798774
23784011
11716884
8040675
24169259
16733150
2690970
18374765
7542137
25827820
6256974
19034580
8433024
8085846
3304518
31937614
25125340
17133268
22036019
10560389
9500648
25144818
7493372
30520976
7812347
26372731
20819978
34260519
9817268
8260371
10550149
8646678
17909351
19901561
8767503
32818466
31703717
17309153
11289747
1384951
8552851
8541104
8369525
18053191
19943195
11395233
11063662
25124609
14984965
32669708
32083766
25510092
17667923
2950193
3957541
20594347
7597429
28847853
21839579
9072571
29285668
30625410
24123034
10955797
21738038
10597203
29617836
23043563
30605211
23464904
1993277
20564630
14681942
2140281
28418767
20862744
24152297
16044962
16886646
32293334
8765178
15769967
23273522
20198458
8197779
23971497
24038103
8898170
10737480
1538431
32712457
17909354
12095973
17353926
31015165
30118448
23415888
2015574
6354422
20938880
9541184
15499295
7704483
29282078
21831722
16188135
10629627
8256770
27515515
29526243
17071939
10671656
23866850
21948693
17977169
12841498
24225155
7933233
28024698
15738536
21842519
7523735
23398595
8956699
22753637
27189614
18794541
26426836
16023043
7489174
19307740
25310280
25728688
20678895
16446335
29271565
8985036
24160264
21338205
24618589
1627419
31295757
10872622
21760483
20420002
10760622
28279391
17060277
8297658
15577431
32303619
30720867
26581242
24403464
14630270
31034591
8993769
29542262
11147589
19363470
7923712
8378890
8697983
28427420
7944455
12365016
19258948
22451121
22487539
1476753
3292046
22422103
18064474
8154809
10767783
19156920
12657984
18701842
9307197
17159027
6876443
24761862
17494843
16904524
8080689
20619212
7523546
34078380
23958335
1324527
17161478
1419095
7860395
29699509
7045417
20951012
6282434
20736854
23975306
27177177
12189544
11901538
28586789
1873776
23342272
2256186
15657573
27999917
27268650
9030944
8912544
7629420
16450751
9602266
25684531
28514000
32307022
22076708
22264278
16277884
7853575
24842866
26961293
2441859
7743377
8961973
11037999
29405274
2515812
1384854
15288289
20467301
6407408
8682453
22191245
8635384
7530987
22795583
27338150
11821794
17360479
26031574
8943690
10218462
29286572
28188502
2259930
28263383
23739633
25771974
15690653
15613427
26118600
29185260
2666354
12394252
32996583
23930213
18662417
6380699
17088914
28843370
24662947
22902483
19933915
15897575
8156249
14752074
7905550
7594223
9532411
24505353
21047593
30968400
23045591
10433621
23757357
18323793
33893689
25151299
23899530
25305506
26476589
15668284
25764091
12733136
9894774
23930212
2405171
6307516
28882436
20842054
29047029
20146896
18287973
17523023
30473377
18199725
23726114
6817833
11041021
17188080
29490071
28449308
30973370
26511668
7715387
11309437
22311584
31445956
7751175
8453590
25278310
29466156
24478320
17645503
21942303
23540866
21863237
26671747
30650268
7944464
16279272
8684768
29799849
25791387
9845603
9639500
21385371
27496008
2165508
26143067
23707383
18657376
10561213
2971403
29871676
18762351
30545649
25225750
23084254
12091334
6319147
10203611
28027521
16683378
28615371
15238981
23647738
8641400
28053021
7964948
23888003
7897873
12589641
16271384
8520161
6399698
7848882
24022364
2885637
31958932
18661529
12431465
12525509
31482404
33462826
28448662
33296125
16225697
1373255
9747823
17627003
32678716
19293485
8807098
11984100
7850924
21768703
27585808
24960403
22269181
2167280
23679289
33341239
6360334
15688388
15257922
8622077
8144986
24141377
19396549
18953843
28699134
33122353
30964526
32811715
3519550
25986866
33454539
11899362
3070530
3798631
1752493
7020918
2642282
9619712
28376151
11908684
27480598
18845989
25102687
9114803
18076799
8402476
31873695
12560439
32687185
18316570
7774386
21865716
3064772
22356596
12918077
27221817
16891867
28283282
8181594
11032589
26581400
24695942
19164203
3758365
10202785
8446136
18987914
9401232
7937245
20473950
28961839
2508566
21415357
25024001
16304312
24167614
1477077
20378407
15199599
9288632
7011526
27867003
28343976
17304474
1851572
1486427
25670764
21704809
25398453
32539663
7778214
11103798
24384684
22987089
16133525
1478168
15821119
31588674
3393916
21479691
8693127
12433604
11490806
27451022
9446412
22042940
10904087
24858392
19294381
11844603
19649554
27695977
2061113
23911795
22688373
23343224
8402468
7961032
32827847
23812769
6367861
21489291
2159643
18215435
31273010
10211545
27544059
26364885
1985765
2525415
7826646
17640031
16785054
10212788
15805689
18455771
15965647
8918486
29045520
10813122
8608491
16897983
14739037
28850380
21913827
18046564
15939137
16168826
15150563
7908220
19671873
15328196
3322590
18640307
23266583
17538164
9716041
29132268
10193949
10700893
21584666
9125236
28664912
6362832
3098417
28350928
7549809
8210254
24505328
23054109
17031805
32611327
25985960
28364161
24947092
18676275
7610621
1351538
1328978
9585043
17647221
21336772
2832764
31768696
27458141
17211861
24668328
1785004
6542243
15490867
25261908
7801588
7951339
28138949
9438604
2691494
23327661
12893327
6354419
23277771
18438705
19328538
16579176
6193877
27465893
31261712
30003996
16999596
23314271
21852337
28960912
8435812
19194122
30281378
11100384
29336859
17497175
18300337
19112203
33092819
29223683
18570223
23708724
33319495
18543317
9579004
10761749
23266650
22147966
27224642
31390274
23943283
31669155
7869634
16615096
2223157
30611598
30638853
21429609
16116148
24844950
20150573
11843250
2187896
33170023
21495216
22198243
12775020
25801357
24158787
28550192
31880371
11973949
15172236
28079816
25374221
15129702
19107519
28411175
28637800
1702312
16887481
11844601
10939175
24081807
26902366
17636399
10782653
6537916
33307409
10869059
15577437
20493642
2941141
23592141
24019551
11988109
20803609
21276608
23663534
31714037
19733415
6397578
6387632
30885354
20936324
7627087
9605898
18615601
9740184
24803392
8903493
8803446
3883168
6360253
3283457
17609871
32384230
9634050
21596621
1571912
19735873
25478973
16118802
8032959
15613554
15764270
2419292
17663615
32600918
7936980
31020351
19879013
10021304
27788498
28370172
11720661
20796000
31350681
23794086
12529349
22269076
15277265
11092617
30385733
24280722
22481235
33144481
16442463
22283657
2223141
19683359
8633956
11182041
17012885
20428915
11346860
2680353
23060038
31685559
25962114
18089864
31118057
23391616
3096402
9816034
25556454
24515581
9382539
18785002
30553161
8622031
3054591
9734883
9128985
6369472
15998952
29439010
11859207
11794170
2148877
23368914
25491069
8580695
23865463
1735068
8379675
15022297
22264964
30536734
10687149
30927666
28797454
11551416
22932262
20617345
19273715
22193645
1833043
30386978
18265668
8240998
26705682
1451070
17327829
6436510
30297240
10762749
31587134
25150129
6850612
26099969
9771218
12960594
7682388
27554525
27939349
10526263
22892433
2072706
14601097
27794500
3307143
24890310
12875942
20215805
31175905
18444146
32482626
7023654
22854654
17217034
9531101
16678497
12684637
12525511
10774966
8393380
26578734
23218058
21187497
25707610
7836079
31898673
11308247
9577369
7559090
19401697
3734847
7896189
8186154
2067126
29352732
15708255
11032590
22964869
28429617
32171104
24500784
23771246
25259574
22837720
20737567
11730994
9816009
7551999
7571026
21464416
20972904
22026481
15204518
21768706
19820379
12402427
26974538
18029971
24987838
9216710
1768369
15272585
10987240
2223156
27133749
14722590
11170136
18091051
32686240
31189943
24948466
16572306
6360325
18390968
20593244
7631024
15823132
25845839
2934026
17584910
9118614
2146370
15381935
27729298
27332197
16344321
24008128
23233708
8346074
28252236
8379670
24992895
9695317
8116076
21685236
7914960
20652755
17986289
24260889
19366826
24131485
9331846
24074763
7932995
8976257
15169808
25107914
8978803
29683958
22842740
1711089
12474545
7845662
7666666
15073864
23946329
12197223
15167120
17450467
22719020
30024784
16821598
8133987
21495215
6381950
18349395
34233259
12796595
8218945
11413538
24913810
14643176
10602957
24295636
15893012
23429396
7802449
9123738
7591204
2681551
8608481
15625363
7751185
1591947
12123539
21247627
15845182
23047796
3061015
3548640
15623610
22960673
17631678
9190966
27654259
21547702
27789196
28360015
8297645
21545227
28401794
18940745
17971592
7571038
32451767
17705092
7627721
21648015
7790736
14529674
22901586
12704000
22622473
22228393
26148327
8040021
30025472
1399732
29383426
11776592
30365202
30139208
15894697
10473078
30618120
11237495
21385924
10210223
19179899
7545250
31182403
26784686
15750150
27986738
16750496
21526985
2010876
27878812
31499384
11207037
22138459
7705667
16730089
15617963
19060587
25889313
16810138
8415147
14677093
32084523
24050953
26308485
10458132
10588962
8088206
24961467
25781202
8774917
25556916
27091421
15971308
28040660
3149456
3418376
25304851
20421547
7858284
24224997
2549582
26872302
24493115
9171755
7855971
24153240
10375924
22689176
21523499
19308410
27724887
29049857
27299748
10487618
9806175
30346560
23395889
20598453
1947767
9531373
10697611
23027040
24378824
23173759
10023700
8113850
31831062
8318401
23399956
30854439
28939487
11920533
26250474
30718312
19381079
8876883
2538962
22395983
30045932
10516449
8387421
10404095
17213825
31046124
8608490
2405271
24947926
3105987
30851884
3314794
27610894
7597306
17974288
7742551
12654443
2849460
9166504
17940390
29241508
18391603
3318088
22665041
12913084
32227382
11277319
18376233
2224167
20179689
17826067
17900394
3882183
1450668
18270335
12871787
22405699
25762000
25231685
15751631
21108850
7586998
23545360
29420467
31276318
2198793
18245651
2499175
23485230
17895897
16954551
28924229
27794035
10791198
20660712
29848812
11131487
17364552
2439108
7751886
28816136
22744973
9448765
19934112
8996538
24201388
27166673
30918950
30218172
29678525
23423920
19042080
8166218
14668591
3918374
23868004
7574757
23589178
18451235
12401909
21968807
3524826
27896952
30343012
10861601
24260120
6134884
30478012
10697526
30481267
28643374
25014995
10414690
29189263
26670916
21715117
15237580
32960329
32383794
30506103
31146085
12359199
25968826
7825247
6185109
17661342
24337455
31524020
8095806
8347534
16800964
8998119
10388231
2977272
15863146
28366679
28657801
20232161
28633425
30624568
16633363
15745651
17551146
31586757
30211813
11956260
11728663
20430775
24282101
28617833
8949764
21075015
31355973
2051074
19605503
31653138
22788973
10626443
7547138
2646259
17058031
29248198
15885575
8651757
29742701
19238327
3295629
6144933
20506064
11032585
22653678
1707745
2918332
9060546
3521767
1391977
2796346
24407578
21471545
27445292
15992753
10063567
21437893
7988247
28255781
26286128
24362865
7635784
12075744
3514170
25880814
19959215
19241108
3117403
7846903
8164050
29128262
3304886
23066117
18067628
28733257
24460353
12865920
31420241
7869646
14990643
23829867
10696738
11137202
9530360
20225229
10907942
16270114
18073061
22726894
7844605
24224648
22018594
31995688
16437871
9817336
22389307
8586373
10863901
23497601
2752859
2935243
20502056
16142487
2187585
29753120
3138220
24390150
23694982
16770582
26962794
16258082
3094459
18172758
16093518
19458055
12711119
8770775
7574762
25867537
31823654
8459266
8026229
3036335
9022429
17516858
14740113
2684382
14595299
31953927
26216386
25700777
32483359
2690972
25006584
23103364
24468269
30623276
24356798
22734013
29524664
27323349
17211866
7658533
2572902
21688163
9516601
25209353
24585129
22972771
22568796
7619927
28225444
14597450
1559530
22648705
17589893
9561978
17035399
25081182
16501248
7944484
3697615
14998848
24096113
20890729
25640628
17179104
2501516
29921512
7531390
21231792
15154702
33145616
17724676
3468302
30172698
29471518
12389880
16875750
22975616
30143031
22014539
7248984
12894588
7617256
26571827
16683205
10321372
19103671
26602013
23793361
26993216
15955899
20231619
24647231
30411217
9071898
25652454
18583190
11972551
32336645
16043125
33016924
18709415
12173019
12047964
7525900
8270437
23907658
29328943
29882070
19332725
25002002
11488797
31087075
15598955
12767091
16049563
2658541
18219850
8083709
2483687
7941196
9288839
8498838
12949426
17222894
6393397
18845996
26632887
2184135
9849446
26757318
15329902
29233673
21484533
1283143
16598762
11024378
1719793
18465335
15558794
24764337
20632005
16952036
30894499
18359604
20142239
1998863
21499685
23339314
20551960
12607634
22203185
14970852
11013362
16633921
21878677
28583909
27636505
10561269
21382958
10890377
26689995
7676716
22576066
12609711
2790692
23702642
23173816
9463084
2227585
29559563
30980733
27576783
19246179
15863847
8664112
11521809
19759966
24043739
24503002
16133397
17063280
8377066
16795983
9179232
10369072
17364234
33909357
28833197
20084540
1913493
11996476
19880439
31812554
29293889
24382601
17893504
31301150
10566553
30511788
11174709
19417029
26538355
30337220
25730591
25365423
11165126
23754592
25253045
12622423
23721148
15464875
9747819
3528055
32618395
31182141
9450174
16755542
8018322
11054524
3175849
29575254
24796463
33640932
24886171
11205228
11165427
28006055
15028971
9446335
23374004
11410777
12913083
21199491
10762640
15561812
23306333
28317088
16379317
6407749
10391561
7963786
25378913
11553422
8851423
1591097
25979833
9869669
19820390
28817753
17379430
19154507
18681202
8756383
22203756
24445595
20634675
11547717
26493492
10791524
12739070
11135227
31609458
32513905
24649895
15893008
18336596
29270828
22396447
8019994
8013859
20502361
18376230
1577580
23537330
9280734
16777271
16963731
12352410
33334577
7540039
8310680
17505263
30219700
7956701
27185372
18388931
7899064
3118342
8384063
19739124
7900230
9136462
11338045
15578298
21948234
17570804
22946472
21339010
27756884
18785254
6391141
23661532
10561202
24917306
27931247
31806543
7812912
29190004
15091195
9266453
19394793
25538264
28283805
8781922
26410619
8536792
34290906
9887852
16890670
26481226
27027312
33028346
11033186
9212804
24946972
22492612
26244758
20593947
19728906
26225661
32757307
23520464
14674739
21168198
19263148
16770770
12177793
18596382
10626195
29064206
8352542
7865956
8971505
22483859
8988721
31165541
25752972
14663472
11324769
31639066
32323103
26199113
19267733
23625700
15337403
26171883
7908013
15183407
9387910
15480782
23385401
10512131
22777320
16283339
19755512
10524892
26242893
19442346
2143062
23512267
31436236
17295293
30203774
8566680
16865788
18291508
16028002
17111120
18422741
12736118
23274926
31300336
27521283
32745964
18664560
27132630
17875340
25538174
15171968
9331122
19041280
25536285
10174220
3527305
31757656
9406304
17918290
20881647
16884360
32357848
10607981
7046414
6487515
10821362
19096306
9815742
31796633
26213360
29183960
11444175
25314063
8173929
18678766
9658884
8558186
25012645
25439694
20946120
21297434
7699966
1427388
18760649
11875707
11521797
15534360
15546223
10499600
2078483
30924609
33716450
25747589
7539236
17896144
24998916
25600567
32732334
27043928
9374098
19411787
12943623
16180227
20022553
3311442
29360570
17912634
31387756
3516462
2256194
12085175
9174829
27670732
6706234
25015045
31119765
24958556
31515693
30415646
16831143
27086361
16724990
8493214
23324066
12756694
32060053
15255294
9510041
9446946
1462531
12399844
17980503
8614420
8314137
17591361
23462720
7602348
9829387
19060583
16284696
30007765
2161448
22433475
8396394
25893585
31576471
7725560
24103017
12439917
18042835
16572406
31951149
27259100
27986347
21159200
10630160
8491677
8343268
4034460
7874570
18504089
30617431
25050872
17414467
8961977
24090674
8262841
15711271
7537797
17085655
2262867
3526604
19202566
21562945
16006574
1319982
9231930
16648508
6336838
15969859
28362710
10876178
31645603
9234914
3327453
21832285
19306059
17085269
7747364
33152277
2175686
26817957
1891168
14523790
10502709
10443239
33772279
21358207
1997835
10880946
9120931
11942049
26932437
11455218
17679458
19452104
23252474
30725388
9165135
23733149
3889805
18677488
12182055
11985784
2092281
23040644
9231929
10547552
23443124