34281299
34143970
34122682
34082142
34081625
34079535
34078408
34069412
34037760
34019819
33994796
33989558
33947099
33916192
33909203
33902485
33882374
33877728
33877274
33868301
33861459
33861441
33861440
33861434
33861432
33849723
33824876
33816632
33815363
33809062
33808784
33808079
33807703
33805552
33804123
33781794
33773120
33763399
33757459
33735712
33707426
33686064
33675343
33670999
33670519
33651470
33648464
33645417
33629254
33628776
33592339
33572918
33569250
33561426
33539944
33533516
33515740
33505154
33503446
33502416
33481829
33481771
33479499
33477821
33466285
33462580
33444172
33428638
33422764
33412571
33406080
33382859
33370688
33358704
33343579
33343577
33322063
33311648
33306418
33300039
33288923
33284999
33271884
33268017
33266447
33261156
33255561
33246021
33237972
33225399
33196464
33188423
33186740
33177477
33176887
33169920
33168793
33152947
33150590
33148714
33148211
33138210
33130319
33128496
33128437
33125518
33119048
33116266
33112463
33106167
33092653
33092501
33087514
33067121
33066859
33066081
33055441
33049929
33048222
33033851
33025927
33024084
33023132
33016783
33006504
33002009
32991046
32979419
32978281
32976501
32968158
32949412
32936838
32932711
32930458
32919527
32917913
32900329
32885808
32880572
32867698
32862238
32860791
32828825
32824387
32822600
32817142
32810144
32801436
32790263
32779011
32771018
32756643
32751340
32749096
32747213
32740891
32739411
32737354
32736046
32725873
32723675
32712965
32702299
32697858
32678716
32638445
32630786
32629663
32627205
32627130
32622884
32619647
32619212
32615658
32612233
32611242
32609563
32609523
32597619
32594779
32593960
32593117
32591573
32566096
32555601
32544846
32542818
32541662
32535224
32532356
32532035
32528460
32513564
32513312
32507446
32498269
32481440
32475359
32473365
32464281
32457071
32453396
32450106
32446932
32438192
32429733
32424106
32421218
32420383
32420377
32420357
32415664
32404173
32376702
32366260
32359506
32358482
32357944
32354031
32350392
32350175
32347778
32341414
32319465
32318062
32317001
32316864
32286939
32279690
32278621
32272653
32267031
32245502
32243009
32232846
32232363
32227638
32223044
32214033
32213108
32208125
32194042
32188704
32178964
32173273
32164205
32155134
32150484
32149378
32147075
32143716
32125889
32125421
32118508
32114570
32114502
32111770
32107439
32102662
32100301
32098988
32096887
32087121
32079472
32078016
32070401
32066625
32052032
32049634
32014055
31999492
31985294
31982355
31975558
31969566
31952145
31941795
31911611
31903873
31886209
31885802
31883845
31883218
31876460
31870764
31868149
31861777
31861252
31860203
31852916
31849306
31845424
31833621
31831820
31831766
31818232
31817080
31815739
31815647
31812463
31812184
31812183
31806627
31794435
31792768
31792705
31790692
31786155
31783136
31780017
31771409
31758475
31752836
31749618
31749128
31743554
31732831
31730565
31722556
31722146
31722143
31722141
31703023
31697824
31690732
31681257
31678370
31678069
31673068
31672132
31668885
31668393
31665141
31654649
31645451
31642984
31639692
31629742
31628465
31628359
31612072
31592698
31590426
31588660
31577041
31572379
31557666
31548342
31538907
31525384
31523780
31520001
31519550
31515250
31512028
31493397
31481800
31469663
31468596
31465532
31461548
31446153
31440871
31432689
31424322
31423757
31423751
31415677
31409398
31408508
31405697
31405061
31395435
31382835
31376438
31375659
31364586
31359629
31353789
31352597
31349020
31342226
31335198
31322496
31321428
31318863
31308197
31279865
31277052
31273244
31263284
31259734
31255574
31254392
31251351
31248067
31239111
31233687
31229087
31202686
31200505
31194785
31188268
31182491
31182141
31177183
31168845
31162597
31155415
31152658
31152545
31146534
31142636
31140297
31136659
31134707
31131491
31128326
31126528
31126121
31115552
31108510
31104357
31097732
31093318
31087608
31063507
31049136
31046251
31043597
31011207
31004310
31004095
31003666
30999963
30995824
30991137
30991136
30986260
30982861
30978464
30975228
30971437
30971278
30967657
30958695
30954261
30941824
30935966
30930896
30929591
30922727
30920854
30898689
30898175
30893377
30882244
30880912
30867034
30856542
30850896
30849537
30841655
30839402
30837170
30827722
30813966
30803843
30797045
30796508
30796179
30784635
30782801
30777123
30777015
30776899
30771790
30759104
30758216
30742894
30737480
30736083
30723319
30717465
30717112
30715684
30714968
30713538
30711698
30707743
30705390
30705347
30689703
30688656
30682078
30668322
30667205
30661467
30655172
30646532
30641142
30621298
30621124
30616912
30613990
30611803
30604790
30601156
30592889
30592848
30592845
30585111
30574801
30573748
30571183
30567535
30567286
30566602
30556263
30555484
30539266
30534349
30521534
30486884
30475967
30475960
30475831
30471555
30471188
30466622
30465412
30453344
30452928
30448180
30442752
30441880
30439760
30425247
30424822
30423451
30415889
30415439
30414275
30405875
30395363
30391485
30389673
30389506
30382491
30382190
30382016
30375189
30375032
30359215
30358120
30341773
30341035
30338367
30337273
30333302
30326954
30321476
30315687
30311701
30306202
30303520
30286331
30284519
30284065
30274112
30266270
30264178
30249082
30248105
30247603
30239213
30233574
30225991
30223563
30219744
30212608
30208131
30204244
30199586
30196481
30195260
30193001
30191995
30184105
30181096
30175844
30172864
30170260
30160014
30154385
30153581
30148987
30148161
30144894
30139628
30133478
30132960
30131118
30126674
30125817
30120403
30113718
30111881
30107787
30103784
30100374
30098126
30071039
30068544
30060746
30056581
30048717
30043749
30042390
30033443
30031660
30029523
30020987
30020330
30001923
29998617
29991600
29987350
29985456
29982534
29978322
29974637
29971486
29969907
29964292
29961187
29960810
29959802
29958053
29949889
29947107
29944604
29934384
29933126
29921408
29921388
29907817
29895933
29895500
29881238
29876777
29872922
29867116
29854085
29844096
29807159
29789365
29768139
29762255
29760009
29758073
29745014
29738746
29736391
29736155
29734777
29719199
29719061
29702606
29696401
29695707
29693742
29668720
29666273
29662493
29661145
29654289
29638045
29637841
29635492
29632212
29625879
29621751
29618667
29618422
29617814
29616846
29604599
29603657
29599421
29596429
29596311
29590046
29581613
29578097
29574606
29572460
29571566
29571517
29569539
29568003
29555466
29553081
29551226
29546644
29546280
29540222
29538406
29534507
29525207
29524287
29524000
29523624
29520889
29519133
29516305
29515113
29510649
29507779
29503204
29502279
29498348
29496055
29486131
29482543
29481504
29473115
29469654
29467184
29461913
29458218
29452853
29447494
29443942
29439943
29425211
29423177
29420467
29418067
29417384
29407902
29407540
29406331
29401312
29396662
29382467
29378040
29378038
29361988
29360642
29358120
29352669
29339377
29336667
29327443
29320704
29299989
29299736
29298102
29278529
29267558
29266773
29264718
29250843
29246745
29233857
29229365
29228000
29215096
29200854
29197681
29193093
29192391
29187901
29185931
29178852
29178761
29177645
29175682
29168332
29165732
29161888
29161288
29154970
29153754
29146401
29134744
29133890
29132734
29120707
29105313
29099680
29097438
29096998
29086887
29080906
29078364
29073936
29068592
29065193
29059017
29058601
29050772
29048107
29027705
29026170
29026115
29024323
29020106
28987930
28986984
28983665
28982581
28980055
28978542
28967980
28962046
28938473
28938434
28937980
28923880
28923039
28922211
28915981
28912593
28910538
28910318
28891084
28886590
28884306
28878375
28870784
28870140
28857714
28855138
28853996
28840615
28837002
28831951
28826262
28819993
28819931
28814395
28809608
28806487
28804801
28801554
28791628
28779582
28776731
28774840
28768651
28767524
28762124
28758938
28753595
28752410
28752204
28750640
28747172
28744816
28738848
28738288
28735818
28719823
28719652
28719294
28708962
28697735
28696030
28688635
28685290
28684083
28679771
28675914
28668857
28665513
28658076
28657793
28642211
28639171
28637418
28631250
28627057
28625839
28624750
28612994
28612890
28611391
28611374
28601158
28597614
28587463
28585834
28536029
28526995
28513179
28511942
28508581
28500900
28500394
28497367
28497047
28494067
28486907
28467383
28466569
28466533
28454590
28447799
28444716
28436145
28436072
28432876
28421656
28420720
28418082
28416171
28414302
28413051
28396048
28395180
28392547
28391756
28379519
28378403
28374550
28372849
28362563
28362208
28351937
28351163
28350806
28348152
28347279
28341044
28340941
28337704
28335701
28329231
28327364
28319422
28315162
28301205
28296348
28295656
28292758
28273154
28266639
28262529
28259941
28251260
28245873
28243834
28241776
28237339
28235882
28233459
28230324
28219088
28215759
28214095
28214091
28212652
28198120
28190495
28189659
28165640
28165546
28160513
28159505
28158893
28143667
28139479
28139161
28133878
28133861
28131081
28122648
28121292
28117400
28113631
28099485
28097495
28094040
28087644
28086943
28081205
28081171
28077379
28063239
28063238
28061786
28058783
28054262
28043030
28041599
28039267
28035736
28027641
28025651
28017642
28017399
28013424
28012692
28006991
28006855
27999162
27996363
27987414
27977757
27966651
27959333
27957489
27941394
27934951
27929407
27927270
27923408
27917625
27903298
27893623
27893184
27892954
27887718
27883239
27880982
27869712
27863334
27855089
27852617
27836979
27826653
27819690
27605592
27798013
27797709
27697570
27782290
27782071
27764725
27764091
27761980
27568054
27544861
27465919
27753147
27742707
27696656
27695782
27690344
27656840
27655517
27646125
27633318
27629871
27628584
27611701
27611109
27601284
27595104
27593525
27585792
27579536
27575834
27572327
27558635
27558580
27541690
27539060
27531072
27530969
27528611
27528215
27527810
27526682
27520560
27515872
27511476
27510655
27499622
27488098
27486658
27482678
27480598
27475087
27475046
27473871
27470399
27469245
27466224
27464984
27460266
27454528
27438317
27424131
27418629
27403531
27391467
27383196
27382257
27380868
27374385
27374303
27362712
27355663
27353425
27351245
27349968
27334434
27329037
27315439
27314025
27306948
27306920
27297718
27297426
27278926
27278119
27271712
27271664
27270872
27269295
27268605
27267893
27259508
27234545
27231056
27217345
27212809
27211279
27207196
27198187
27191247
27187274
27179851
27169834
27166794
27157575
27145364
27135916
27133033
27129325
27121235
27115772
27113605
27109630
27105646
27104346
27099175
27091407
27088898
27088375
27080870
27079689
27079636
27078022
27070903
27069153
27068054
27056418
27043932
27032628
27029034
27022606
27007793
27006514
27001260
26988650
26979433
26974227
26969836
26969526
26956126
26930627
26919910
26908839
26901221
26898119
26896863
26889680
26887115
26881019
26879066
26878710
26876762
26874901
26869526
26864365
26857646
26856308
26855561
26853514
26850813
26849125
26843154
26841335
26837542
26833454
26829360
26828922
26827840
26820395
26817717
26813890
26803169
26796101
26791870
26791079
26790823
26787822
26778544
26771737
26763800
26752139
26752109
26748734
26739996
26739759
26736036
26715485
26706270
26699542
26686385
26679329
26675771
26674765
26674503
26657820
26655888
26652797
26648582
26644535
26643917
26636572
26632177
26630680
26605849
26603881
26597253
26595362
26595151
26593266
26592168
26590963
26590194
26581682
26579797
26571012
26561617
26556955
26555159
26529110
26518594
26504842
26499845
26497268
26494780
26488737
26482244
26473489
26469916
26462674
26460907
26456622
26451686
26450639
26449623
26445092
26433456
26432919
26429912
26429068
26425705
26424731
26419198
26418742
26412535
26412511
26410392
26406067
26399199
26398817
26395774
26393847
26381232
26371706
26370380
26368131
26365989
26362286
26351971
26348402
26345804
26344811
26341915
26337751
26334651
26333512
26333343
26316273
26316025
26314662
26314577
26313312
26305876
26300710
26296497
26290009
26289425
26283743
26282681
26282525
26278005
26275653
26271312
26270134
26268913
26268314
26268313
26263832
26258571
26254703
26250487
26249793
26249791
26243622
26238225
26229448
26226778
26220871
26220050
26194648
26191780
26178731
26165622
26159939
26147010
26142652
26139453
26134988
26130740
26115087
26112014
26109819
26101311
26100928
26100924
26094889
26091286
26083769
26079612
26070003
26069253
26068921
26054881
26053391
26048277
26048004
26047963
26047673
26046463
26042362
26040627
26020391
26004166
26001091
25989617
25981347
25953600
25952818
25952687
25947165
25945350
25942341
25927528
25927360
25926415
25926408
25922170
25921849
25920759
25916246
25901453
25897826
25889343
25881633
25880012
25879810
25867865
25867599
25866129
25864712
25861836
25851421
25850433
25840790
25831269
25827448
25827407
25824185
25817373
25796419
25788001
25782657
25781608
25779953
25776251
25771533
25771261
25767805
25767039
25765512
25760389
25757997
25744449
25742699
25736389
25733635
25733627
25733516
25716646
25714798
25712760
25692143
25688638
25687423
25683060
25679398
25663218
25659114
25646817
25632395
25629663
25626448
25622869
25618800
25617625
25609689
25607934
25605813
25599925
25592412
25589610
25585278
25585164
25581207
25578447
25575806
25575447
25573539
25564143
25559055
25552432
25542740
25542379
25535255
25534726
25532487
25527747
25522406
25521589
25500202
25498773
25494333
25482371
25480468
25479564
25473210
25467848
25466664
25453395
25451001
25445614
25442689
25440995
25440375
25426834
25419678
25418912
25405916
25404002
25402337
25401392
25395315
25391138
25386711
25379773
25378645
25378424
25365688
25363381
25354725
25352640
25344361
25343955
25336730
25330000
25327812
25322916
25316904
25312556
25312348
25306116
25304548
25304546
25299601
25294382
25293397
25288513
25279787
25275520
25268878
25263929
25262458
25246692
25240548
25239609
25229409
25209323
25205868
25201950
25179679
25175601
25172490
25172488
25171552
25156127
25149022
25143830
25136601
25125505
25123256
25121620
25115807
25111763
25111667
25106897
25100147
25099540
25099395
25098453
25091663
25070755
25064455
25058560
25057032
25057028
25056226
25051005
25050518
25047705
25045806
25042846
25002497
24991883
24984992
24983989
24982236
24976431
24974383
24967392
24965302
24960641
24957429
24948401
24945526
24944062
24944058
24943673
24940606
24939425
24930599
24929184
24926525
24916165
24914549
24907348
24906931
24905834
24905629
24904022
24903620
24901538
24899156
24898233
24886116
24874737
24872682
24872191
24862677
24859147
24858913
24856381
24855212
24850229
24845183
24831981
24824310
24811202
24798862
24798325
24795303
24793528
24793300
24787471
24771854
24769293
24759113
24753695
24743550
24732724
24726027
24722226
24719873
24715424
24714552
24711635
24705888
24705018
24704223
24699132
24698316
24695125
24678280
24667663
24667577
24664244
24663205
24652602
24647393
24632608
24629994
24614017
24612734
24609919
24602005
24591296
24590515
24588644
24587636
24561812
24560674
24549548
24548293
24533064
24530151
24525278
24519196
24516675
24505254
24503266
24502766
24496840
24485485
24476775
24460876
24453924
24448401
24440112
24438460
24430654
24423343
24418874
24418242
24412053
24408211
24391880
24388357
24378467
24376878
24374379
25835233
24370492
24364144
24349532
24349432
24346292
24345179
24338022
24335524
24332065
24331685
24329481
24329107
24325327
24316553
24311515
24297177
24290374
24288948
24266327
24262587
24260740
24260150
24260122
24252510
24244349
24244307
24238399
24218500
24204746
24201066
24196965
24190544
24184796
24183981
24183072
24175293
24170677
24168791
24167613
24164779
24160414
24153347
24147895
24140602
24129110
24126211
24121257
24120932
24117923
24111364
24108782
24096076
24089058
24075613
24069148
24063909
24051169
24034853
24025630
24014021
24006819
24005416
24004888
23999817
23966615
23964055
23964054
23962703
23957307
23937689
23933474
23931131
23906160
23901023
23841355
23840710
23830301
23828383
23825402
23816284
23809982
23801333
23798671
23790989
23791975
23782504
23780902
23775442
23773718
23770909
23754575
23747105
23727530
23726389
23725116
23718808
23714686
23713668
23707935
23706033
23672237
23670706
23666018
23645178
23644043
23631827
23603346
23603239
23596888
23586936
23579949
23579036
23563546
23562512
23557025
23554905
23553151
23548468
23535211
23532957
23530036
23517508
23516504
23509106
23507227
23494802
23447677
23447607
23440187
23437131
23418772
23408699
23402115
23384237
23375866
23366282
23360676
23351338
23340248
23339700
23319864
23317659
23316693
23293914
23274083
23251374
23248172
23247700
23245760
23243248
23235272
23233531
23228172
23227200
23202523
23198999
23193010
23182694
23176112
23163421
23153449
23136121
23109475
23108937
23106658
23105094
23099431
23097564
23096113
23078397
23063758
23051772
23048133
23036114
23011539
22997185
22993421
22990943
22978585
22966096
22966077
22938002
22924372
22913421
22912456
22905819
22897048
22895380
22863058
22854015
22847178
22844697
22840987
22813682
22807481
22802186
22802167
22791230
22791128
22785160
22766389
22747608
22731747
22731641
22708837
22689668
22686373
22682883
22669153
22656335
22645252
22641159
22623396
22578161
22577889
22569895
22556410
22553809
22541328
22538083
22534365
22522601
22502699
22488208
22472896
22472791
22445890
22444553
22404812
22396394
22387704
22382090
22373658
22365146
22349592
22338233
22327475
22319873
22313587
22310746
22307237
22293088
22267715
22267336
22266487
22261990
22250063
22239037
22230592
22223574
22176632
22164957
22151937
22142867
22123184
22121027
22102413
22092081
22091562
22085427
22080014
22077562
22030223
22019441
22017511
22005678
22000927
21999662
21983050
21962566
21947848
21943503
21943055
21931871
21910949
21901335
21871491
21868743
21861683
21834938
21831993
21831726
21827777
21824202
21801490
21767277
21763106
21752453
21751372
21740575
21739259
21735336
21735096
21734019
21733267
21714923
21711508
21711100
21705523
21705403
21663508
21651803
21636016
21621580
21612468
21596495
21585564
21573144
21562233
21530557
21481253
21474517
21463024
21455728
21435021
21411511
21389303
21346416
21332712
21329452
21327633
21311746
21303218
21296694
21273315
21270428
21235683
21220163
21215788
21165296
21163558
21159787
21146430
21142444
21137794
21134466
21114602
21114550
21114549
21114543
21109113
21094511
21047568
21042325
20931219
20927633
20875183
20852079
20851231
20844073
20840575
20722301
20716340
20715901
20708231
20676735
20662817
20628009
20626759
20626505
20626444
20584263
20569926
20569033
20533796
20521728
20521648
20521647
20521646
20520601
20509834
20497513
20470840
20464461
20441798
20436079
20399240
20357055
20303474
20298452
20212335
20200419
20184605
20157814
20144837
20143387
20118469
20105282
20090326
20067697
20064644
20061961
20051002
20042537
20034487
20022096
20012483
19943984
19933753
19917061
19887683
19884374
19884368
19881555
19878077
19865105
19852872
19849696
19843201
19800084
19793962
19758222
19754560
19748619
19709113
19701677
19675105
19672935
19660507
19657359
19656771
19652968
19644030
19640395
19634510
19618241
19596505
19589952
19588536
19586646
19580995
19577868
19535679
19531646
19523421
19505388
19419671
19403635
19387614
19386420
19364381
19302829
19299312
19246319
19237607
19237580
19234482
19176282
19168209
19124036
19121153
19118791
19095029
19079606
19073976
19011679
19011260
19010571
18979086
18978177
18977522
18958158
18955382
18848761
18837867
18823228
18823210
18823209
18805492
18804988
18803247
18799362
18797306
18797097
18779964
18774241
18680634
18680623
18645246
18640378
18607381
18603383
18602824
18596959
18579196
18575815
18550349
18494967
18479939
18450954
18450120
18441530
18435723
18424594
18410231
18377694
18336952
18328929
18314377
18279899
18261569
18248661
18200818
18181551
18178894
18175066
18165536
18158671
18077067
18058480
18045719
18025317
18005926
17973851
17966179
17961625
17905358
17899458
17878445
17876372
17826826
17786707
17786056
17729055
17713338
17704380
17697099
17636438
17627092
17595032
17574457
17545089
17544767
17514187
17502270
17499515
17497337
17495094
17495090
17464770
17451718
17374460
17373178
17341006
17333388
17332474
17297171
17269556
17258887
17257877
17237123
17222813
17209056
17189268
17188438
17174746
17134501
17121970
17097079
17082914
17064455
17056272
17032791
17030069
17027065
17012161
17006433
16990149
16987866
16956824
16948169
16932337
16924025
16904754
16870364
16867142
16860500
16839610
16820562
16806748
16792287
16778608
16764851
16713428
16642371
16623228
16563489
16556417
16513616
16455415
16445264
16425235
16423507
16413710
16410646
16391480
16364750
16339084
16338198
16319211
16280454
16280177
16277693
16261201
16230654
16195124
16177808
16162141
16151461
16098552
16050187
15981865
15971275
15943687
15896695
15864872
15844840
15800559
15799902
15773280
15760069
15753530
15727827
15718041
15690983
15670403
15668336
15651658
15617670
15572585
15549689
15531889
15527668
15507312
15484922
15484442
15462141
15450533
15309453
15309442
15306713
15207399
15189292
15145998
15121264
15102335
15086765
15077551
15070667
15056484
15030604
15023507
15011788
14766592
14743716
14633186
14624403
14607616
14564483
12972792
12950989
12939003
12856872
12764372
12745375
12716249
12663712
12617339
12602466
12568274
12490770
12476503
12434720
12398840
12396296
12372942
12200354
12198603
12182358
12131566
12116891
11816440
11806988
11730166
11724447
11699726
11696113
11600250
11590899
11576459
11575820
11568040
11527067
11527062
11488367
11350019
11330244
19753703
11254756
11249779
11249778
11249777
11249776
11249763
11249762
11249761
11249760
11249749
11249748
11249747
11249737
11249725
11249677
11249672
11249671
11249647
11249645
11249644
11249643
11249642
11249630
11249629
11201870
11165103
11023930
11001106
10969448
10847306
10713866
10702519
20681149
10568224
10546653
10546412
10534005
10506424
10471653
10427133
10390287
10212041
9930560
9868761
9840297
9745994
9712233
9593648
9593539
9585236
9579811
9568324
9227184
9226574
9140398
9107573
9177894
8998184
9451796
9267853
8655996
8665574
8627059
8705294
8685081
8747157
8834816
8634219
7766149
8711214
7930194
8002462
8091395
8198509
7883084
8368743
1596903
1525928
1525927
1426662
2265308
2406003
1366496
2701730
3308393
3329537
